10.139749804511666  3.480485172010958  3.273756210669013 
3.1688333497743564  2.0322918744721  4.640473731467241 
7.298330764424284  6.993083044418385  3.4030203861565633 
10.421164030209184  3.653104338256103  3.6592016752121634 
7.678837711143844  1.7547567589208484  3.3216059958304185 
3.551525832337342  5.090439252068935  4.404093265405013 
1.8063970133121412  5.17987016883977  6.5101728003636286 
9.042114717885852  3.976132911629975  2.8789818701334298 
2.6402918779518973  3.5905137020783497  3.323339825027346 
6.027589113439781  4.517859660037596  5.506597543600947 
4.621972135292964  5.510199100710452  4.347209673508452 
7.070103474441087  4.107720975155913  3.140436003186692 
3.7689773123711348  6.753057267932292  2.9862479657494925 
4.2049522646376225  5.636268565431237  2.8733930271524555 
3.5582271741290192  3.4133360901463385  4.514585229368937 
2.0997931845486164  2.5178180811926723  4.557808672812763 
5.190387262031436  7.209299690546326  3.589411473367363 
8.047202964412062  4.30557859223336  5.237264429219067 
2.9637801958321717  4.247360478170969  5.174507611896843 
5.7071086463219505  5.4341306661648066  4.690874216146767 
4.471421850845218  9.742637752523649  2.9036582564003766 
1.278110008061283  4.396064537793479  3.373261601380581 
2.999705534230541  2.3346315380185843  4.8844416623661395 
5.110156453595637  4.405339069543573  4.254245303220063 
8.131609792556555  0.05186460439163909  3.924634869261681 
-0.754322299733758  5.99579375050962  5.028064243961126 
9.193027395755053  0.21167717800358155  4.209542862796981 
7.545360006427808  1.727096332208656  5.258754312901466 
8.780678585851943  3.2844940001246723  3.690525615690545 
8.696043190424357  6.937393902766824  3.244689522699643 
9.538687766943038  1.9110733522102237  3.250138041737852 
-1.930455354685149  8.921146792225079  3.7047993615496972 
4.278834513339783  7.252358453348279  3.9081625359188417 
3.204423036626766  3.4073970187455416  3.2800547365427195 
-0.03906502406354839  4.664369928650558  2.6139405979774892 
4.043787608532288  7.07445213296727  5.475904438644648 
3.6095605324953794  7.212360913865268  5.041930432897061 
4.584079517051578  7.647218172438443  3.5390878850115213 
4.713983491063118  7.571389335207641  3.946648588046813 
5.204595790096468  2.6689240681007504  3.0370631999680247 
6.175263492390513  5.044916331692771  4.995873471442845 
4.920374974608421  7.1622120421379805  3.79393952618757 
10.3763338457793  8.422948923893273  3.491793586473673 
-0.502949096262455  6.194973299279809  3.3146055228374065 
6.275217272159994  1.8912597047165036  4.003011903111949 
6.797674997648306  7.77880830783397  1.8063068842017644 
3.9442835953086615  3.3468970829617186  3.9627084475941956 
5.29538271879076  6.099795484133084  4.207950433746632 
3.3043683640302675  1.4982388170096153  3.932865454815328 
4.024110846221447  3.431723147419425  4.7675617397762835 
2.032967075987944  3.036159014834567  2.996222126763314 
-5.296192773692194  1.805607850663364  5.433218372985721 
8.07405180112319  6.904107936265622  4.840779196345554 
-5.74694720462084  3.0705409015114986  4.763796079407307 
10.00498583726585  1.3008132296410961  3.078315486821762 
-5.9826578470361085  5.951884632077932  4.556781871709973 
11.84034626930952  6.413851386214494  4.62987431678323 
-0.35320673882961273  4.714174358174205  4.7169858693244 
9.367092938048488  4.9717358213067655  3.1621495111523554 
7.9982321324543  6.987965115614741  4.818577928934246 
2.032474589220099  5.377571712248027  5.5353702190332115 
7.532097896438465  6.084847476335519  5.156047459226102 
7.126658248524301  4.156574664637446  4.672181696542252 
2.68518796749413  9.348351912511779  4.907990987840046 
3.9815230797976255  5.188262433744967  2.9810568653047085 
5.140008379972484  7.9606614438816905  2.65007496625185 
2.078756952635695  8.229671354405582  2.5167840430631103 
1.6432553627885333  2.429265077748414  4.123140698298812 
5.320752925130931  4.173550309856013  3.875311174412532 
5.885419724507768  5.91532162810167  4.127080360518819 
5.236404450250376  4.6486759559451345  4.918324259333863 
4.410654213269414  5.151328356182275  4.1981810964643955 
2.4972098357975483  4.025487206626029  3.927840179486663 
5.502400427487009  10.54834998589543  6.248903735512931 
0.5698889568448067  5.955375027884011  4.5363017981771 
4.1299682557582855  5.9505944826340285  4.911894298131225 
5.148206060951647  4.218814126215875  1.248590703394568 
9.405621644551761  3.1672711953912245  3.855870694387704 
8.212766419723105  5.661110593006015  3.6788036637213275 
9.359342383220792  8.188159262761474  4.787864884989094 
0.6940132062882185  6.488799058285656  3.7774685230106115 
-0.5710709938738461  6.25459902441749  4.035198045894504 
6.130234397947788  0.8703058176495571  4.51211396325266 
3.2565679289400578  2.941817533224821  3.5748293255676615 
-1.2042652759701014  5.262095402420587  4.297377836466284 
4.861984260380268  0.6393732239604182  4.134121705044695 
3.40640541789114  2.100378444418311  4.984158500426894 
7.174934957226437  7.659743660938313  5.346260734368116 
0.8860402683599684  6.56327106138376  3.6381125655025244 
3.34856934299893  5.11237936001271  5.587397439093187 
2.7080602385103703  3.0384291842721307  4.504497300615036 
3.1689694701841216  2.0206604088356253  4.13268225081265 
0.03885983682651961  2.5034165800192367  4.600821167340732 
3.896148181328593  6.810843713581562  5.278163786511868 
2.187734469771385  5.20150410849601  5.110585372429341 
7.605056750252107  3.637329058148584  2.7120665251277387 
9.979120975113766  4.463564520936212  4.496466365790718 
0.010887920006902974  4.284852592661166  3.495951040990576 
2.6923740038698885  1.7299253419041634  4.390802638871082 
4.3773858285708425  5.321380019187927  3.2677523368322774 
19.24539297713682  3.8808336548559454  5.865490297754135 
13.323067622874905  5.31390943663972  3.9010336643837364 
8.173426716807876  2.3005227372050285  3.5413408469525645 
8.89019773978538  3.3773133801296353  4.673223842689962 
5.393153887716988  2.5388238839805126  4.488616701930281 
2.71236370518986  3.2247889773035565  4.770143688454839 
1.7778759077689514  5.776141159236431  4.905490527771724 
4.3330177839881365  6.234543606638908  4.820106348849884 
5.245425616215986  5.492948179133236  2.637813424778912 
4.953614383935928  3.001633088623765  4.993896091171747 
6.063896480947733  6.72322645665379  3.4765439284965396 
2.0664527237326737  3.915405338785786  4.348076081494662 
2.2189519951967664  3.768227099440992  3.1836921103713287 
4.892646207599544  4.448390370234847  4.580873084241389 
10.681804629837565  6.244248800417175  4.856285707346759 
8.93608880032309  4.2140158928313145  2.4581438400782645 
-3.565528678891102  5.920288606660712  2.014603351779699 
3.8493478503078222  4.931737358884285  3.641614618825534 
3.452144827683357  8.189294341020286  3.8101969606747637 
5.598539117723703  0.5455427407362707  3.2617078637727763 
6.930654673171851  3.3407193077728152  3.4921023187710363 
6.101212251931429  5.052054045127196  3.5295919276234247 
-3.7634607306464467  10.695212328315929  5.441254070494324 
5.387210762128234  5.745352880480489  3.6779217388705585 
4.444407681003213  7.697316929348592  5.179577109491244 
5.256673478225835  5.134293667843113  4.42948403628543 
7.895332450232914  3.600523785687983  2.765666832216084 
5.531082752156022  6.838530539405878  3.909940920304507 
1.5604678463783799  2.3501210855320096  5.667754559312016 
3.477035630494356  4.056846279918423  3.3828275529667735 
11.175848042265358  5.321496450192162  3.268132352793302 
5.125069882821656  7.0476384572684765  3.4546968159265816 
-0.4016529782480891  5.732364416161371  3.8199977129293807 
1.6838623141569364  2.4386852364987135  4.620130953641597 
5.71685103953927  4.276322180405259  3.417539852910648 
1.0319223986360182  8.949680502641467  4.807040724549861 
8.067280170610053  1.8877662563312927  3.1976177351912916 
5.163076674947268  4.008595576349707  4.715060237594535 
5.739464293752732  5.60416429479451  3.1281876065141763 
-5.10887516703554  7.349759386852384  3.142664722793264 
-0.8578634295379857  4.237461773182982  5.923143868618849 
9.11332094587653  1.7436275454238057  5.684706701825913 
2.4244148805787873  5.376606348810078  2.936446977313608 
-6.366314244444878  3.785337720066309  4.2873666452758545 
8.174780355766416  2.6270656883716583  4.363126885873804 
6.518623311855743  6.639075049609588  5.325619474519044 
1.933467585593462  5.289436142790301  3.307644030602185 
8.33035385236144  3.691912411029419  6.0276788023261165 
7.571012025816744  2.5206626869498443  3.2639544326809453 
10.665522005409002  3.723697186797115  3.2855351187492894 
4.801251586682872  6.950647608669905  3.7623989894859946 
4.2045203404057645  5.785072942264378  4.650622064951981 
9.778912736102939  3.7723926795660105  5.311507073231041 
6.206293418956484  3.0914139267595724  2.5906898276880383 
6.481148988008499  5.311141257254195  3.8515035700256264 
7.809967158362269  5.490952993100036  4.002023228853137 
-0.10034235939383507  3.8110288274814517  5.040955397300422 
1.6975639037806243  5.726432870966277  3.583270433358848 
0.02955146969142408  3.759273750707507  2.997614554595202 
7.266377821564674  5.6830478985596935  4.30128056461043 
0.361276957089407  4.696452391333878  5.077647798229009 
3.5599664447168102  4.298249859362841  3.446187836678059 
5.999079346656799  1.3607567107768377  4.08467346825727 
10.67751584454628  5.235619328407117  4.5930757780417775 
5.09072140045464  8.09169955320152  3.83206909167915 
8.901447834160711  5.734653422144922  5.295816182421298 
11.378010214540502  6.803857305940007  4.437453415720551 
9.517104238271713  1.0713210412853904  5.137864499352872 
7.203470149765604  7.828300768509507  4.235994607875595 
12.720830750473795  1.2070265077191835  3.207257060479161 
5.572130476391189  2.0942511438608737  3.4371743040552833 
8.817251841389348  5.649602800964177  3.9970042871763503 
5.598414998050613  6.601406778389363  4.813343192665543 
3.4924437273293734  5.952169653189853  1.9886426610371823 
5.0032769199460745  8.136400615065304  3.4660204513929784 
-0.08721955865621567  5.53827676078671  2.865950896870345 
13.366796869339721  6.594148232399823  3.3297110336420475 
5.229199502617121  2.938873794861138  4.313334066154033 
4.495712297037244  3.7846904788715507  3.7115740173029548 
-2.8847197503969335  4.6115625174716115  3.312029230660751 
5.997902239699139  8.775935890601282  1.9043784751136923 
7.665338119805101  6.271154816475911  4.660477364864724 
8.790995505268599  5.715750723085467  3.8249806673350224 
-0.1579587645828724  3.357933728556742  3.951093216892332 
4.437475903646492  6.301284314133227  2.3435615031033556 
-1.13906816765666  5.928275841006252  3.0154746111334263 
5.592442254165645  6.400529275648296  3.6838216191159505 
7.192577930167317  4.602258492079864  5.3065906767733395 
8.375568666017397  5.128247631165547  4.8034566752384205 
-0.6227810401469469  3.3499532047788216  4.561371530406177 
2.3389188851641496  2.8400731310248375  5.803327560708861 
6.067668437957764  1.8906122213229537  2.900812404230237 
4.488777162507176  5.686154722015599  2.9489914630539715 
-2.747895319662388  4.098495191894472  2.611632075626403 
4.227314073670696  6.71061288347735  2.3264091038145125 
6.984239496290684  8.03481860916927  6.646950942053945 
2.7219189568994153  2.3846123591065407  3.594012591592563 
11.533365045297366  7.387810510583222  3.636413037898781 
9.87815615128002  3.5293569508147957  5.95279628890439 
6.600537961815409  6.373633226312807  3.3328713993541896 
2.315205809908722  7.494534649886191  2.753697879612446 
7.86174257658422  5.663023046217859  3.8930105851765737 
7.678157478570938  3.2195953597633276  5.1889682854525745 
0.3150188736617565  6.762933279770475  3.7585846870706296 
6.737069965891557  4.280467572538956  3.663968008477241 
3.5271553062027046  7.517622404164365  3.5482884667683185 
5.081740336492658  2.2586573744620093  5.846043068555969 
3.4559773527442026  6.516557899541312  3.3427024827877725 
7.2128908052321705  6.590380990558178  4.416097393725067 
1.632360780314146  6.615910378028442  3.9209081581793725 
4.24774518981576  4.90543216475071  5.259663948323578 
2.008354272767022  5.135386104758909  2.627677640877664 
-1.4277817010879517  4.6310638354826015  4.434075962212278 
4.1959713120419515  6.057977832438528  3.4136237259954214 
4.674423109571208  5.332063146866858  3.9244125364348292 
7.151810532435775  5.780054267495871  3.7397896630811114 
2.6380275283008814  8.042446792125702  4.164485427188585 
4.526018256321549  0.38677975171009926  4.52718786106783 
8.298505130999311  9.442755999576725  3.478281027637422 
5.748920486168441  1.2037491268480087  4.219933776469354 
4.889250845131631  5.1230327214773  3.172327189658702 
10.116151574999094  4.962412294907684  4.137502968007687 
2.3742030766491453  2.634347889572382  3.8123383135534823 
1.9570655064481777  2.4065675269812346  4.840035023633391 
-2.7853059243449056  4.117904339917004  3.371034505050117 
-3.5455300885591896  5.1135382829234  4.113384632778976 
6.444237179775058  3.5167128384936612  2.902327035088092 
4.290487003140106  8.18395326867449  6.006680545678754 
11.036970270898635  7.4880574695374955  3.9878465899302586 
0.2360492404550314  1.871227995492518  3.891929062795981 
2.3252752851694822  6.269064685390081  2.0003359143975055 
8.504207260529684  3.0411306101563618  5.656444064560726 
2.0145980835551907  5.99857365898788  4.846200401622301 
6.227704671371365  2.7206818675622344  4.148178245406598 
3.7157387950561382  -0.1259634686620661  6.587186966194874 
-0.43411537632346153  5.393121355936019  5.06575176352635 
4.297992058088081  8.782313076336692  3.8409304443318546 
6.732809511763286  7.2120591178536415  4.1413605231791735 
7.842016403538842  4.938370282522821  3.094879403920759 
8.385060368439905  6.096568340026564  4.964756108485327 
1.9769136179238558  3.1999407942359106  2.8585372897796333 
0.8701251521706581  3.7611317625269294  3.9483036659657955 
5.4866469591298195  3.3716172725846265  5.632810202202323 
-5.142958232745869  2.7970652049407363  3.135648670390971 
1.585610640107257  6.320390129858699  4.868199029809215 
2.451614206368525  1.837188746780157  5.053995381533745 
13.88211406066608  4.675731800292373  2.128682183994134 
10.833314135670662  5.296201453399779  3.9017239422537386 
8.617241196937643  3.4883204769318796  4.798110701640671 
6.673538387662809  9.71401454177558  6.135981854276466 
1.9439112312583724  1.8678498324006796  4.454711905434948 
8.354766541466837  3.2903069658204913  2.1167852168272505 
1.7644205211156727  7.188118896447122  3.1759697888046503 
9.303812570869923  6.416195387291496  3.9719289080239832 
6.134209048133853  7.037563035440783  5.087319014593959 
8.736619462162993  7.06891840044409  3.535136453773017 
1.6793167253740187  3.128707764856933  4.987442903745823 
7.804057645760171  7.737006154438955  5.350249327719212 
6.84709298011008  3.956931085600032  3.7360045584666985 
1.4967796946533571  1.984886310994625  5.327304908074439 
3.359092571475255  6.752843491733074  2.6350393183529377 
13.307092650505538  2.673758299089968  3.4810378263410677 
7.263030085712671  0.7596837080264569  2.300165877211839 
7.490237729728181  6.466901019332725  3.2158691743368455 
6.219016693532467  7.173231693916023  3.1952159106731415 
7.0343467643126  3.894214544009049  4.019368890672922 
9.269932648167014  2.3988354364410043  3.8645724014265785 
11.217356944906642  5.033416420221329  3.152955874746444 
0.5245344378054142  2.518960171379149  3.274971879932817 
5.662989268009497  3.8399898225674765  4.411950360540719 
3.4075256188904017  9.346137380640819  2.9206791897304356 
12.973471824372218  3.6443540174514055  3.007234405516268 
-0.5682401694357395  6.377566394492319  4.320570596959442 
8.98484750752421  7.502416310831904  3.16129398402342 
7.941778234348567  1.5711670380238392  4.683124640520589 
-0.27010740526020527  5.682336278177372  3.8301669051870704 
2.0768718931862544  4.932889326475561  4.996770507098589 
6.996994574875755  6.2222522627562284  4.0477523053996265 
9.291475161910057  4.711176450744256  4.029236722465878 
3.8394918615582565  5.987732447736007  3.4950263183563948 
3.8185376096516848  5.70872961418291  3.9388387948274612 
7.024108324089381  4.762063487432897  3.3178985255745754 
9.721333725377917  2.3416203863902583  4.620046205542504 
1.3409421592419317  5.403802564683764  3.2976280446371 
-5.246112837359819  3.5693575878691686  3.664022312965244 
3.6943694464862347  6.934574806203762  5.736747050176092 
1.7250340347479547  7.201236895285547  4.079764209817128 
4.439282187536733  3.698048592934523  5.087968665640801 
6.0974659057343  7.692005998454988  3.077820549263019 
2.6558404151577673  5.533258002895185  2.141338961540699 
9.866528242826462  5.886846665168119  4.7393833750362155 
2.2121265646754935  6.423473493421352  4.409640598576516 
9.544986536726356  3.4783695973455906  3.6430607576942267 
2.729782745242119  5.12503828573972  2.498512266293213 
7.430400716373441  4.950484273473196  5.261380499228835 
-1.3425266302467893  4.115296059024193  3.0062951204193094 
3.3229170464887616  5.149023175239563  3.518948116339743 
6.60321700759232  3.5172953665685815  3.193944821375786 
8.876553498861162  10.413085071975601  4.050397153943777 
2.82663571534348  4.559331072494388  2.7650136151351035 
0.6303380746394396  5.7994310432792116  4.477334309369326 
9.64199560508132  7.686449301873393  4.8171275727234 
7.058915358999151  1.6444595360903267  4.099306515265329 
10.13545284046279  5.686247798185059  5.4667484210804105 
2.686565363779664  3.523734450340271  4.824046325744119 
2.52556904158903  4.418110488279722  3.4495961459035462 
4.765508754178882  3.7067810235939174  2.9590061740018427 
7.097223039716482  3.7117029866203666  3.3377398005700583 
4.336768046380941  3.6382348872721195  5.33005494158715 
2.8293380681425333  6.296859972178936  5.455113638192415 
1.8806790709744554  6.658148184000295  4.2960459841258185 
-0.41648018173873425  2.648848792538047  3.566722115048593 
9.587301529943943  8.344639521092176  4.026430396572939 
6.128734956964147  5.506842783934557  4.8561463933072355 
1.823354900580883  6.295771628332437  3.1764675482973583 
6.422667048369206  6.072750078018931  3.820618167161846 
10.040656618773937  5.742173689893883  3.713986328763729 
12.003467245027423  4.13842441425273  1.8226120225607154 
-0.26464596049781264  9.70129072178825  4.615671012639551 
-2.5534458402766864  6.781353214398654  1.7782921483997174 
0.5014435034245253  5.528117467542121  2.7578448886051774 
8.691872223360695  2.843238415196538  4.0095379724597535 
2.6763133658711737  7.258459008298814  3.0728325162259043 
-0.03377143232414248  7.151691532693803  5.1887349099852145 
7.796242322772741  6.6471400145363475  4.326723238152859 
8.217606515246793  7.31268952973187  2.843956532422453 
3.6774684712290764  3.721117589622736  4.252878391194801 
8.036058341607978  4.465271381810991  4.402014358900487 
10.700890570476664  8.126968783918391  3.4473905081862855 
9.592599788680673  4.644376089019374  4.605032625857788 
1.4290412429168313  3.5610303103759167  4.352945040926707 
9.435245607309742  4.644636180767102  5.871514254806066 
8.307667594153262  4.65250052724172  4.794690241418927 
8.206269066100775  3.6325258975848556  3.8818860622122884 
4.568084610733113  8.066261092200875  3.931627882178873 
5.825773114338517  3.9426475587084946  4.149126240762527 
7.944247126652066  8.946332743402397  3.737799795996706 
4.777922897821238  3.9092343179509044  5.065007277298719 
14.203010678749365  6.894804318332851  5.6220544901317595 
3.4768092447338024  4.235105723105733  1.8919919968763184 
6.100641241641544  5.801189247518778  4.2727679391693965 
5.283414287492633  -0.23159503071383902  3.495211470815074 
6.937488232582606  3.171779955917036  1.9052065217852991 
6.770930808842541  5.273946195556089  5.021994227077812 
0.6361155994236469  1.7416122667491436  1.995631010131381 
-0.0557275153696537  8.2781485042478  3.4918049571042378 
8.83671884202934  7.4188436221354035  5.432721707837725 
6.497153856284259  7.165140017867088  4.280690202057121 
9.827385144930775  7.425775322136397  3.442417735099253 
3.1185317624143405  5.169117586687207  4.382147946490719 
11.513303223997355  2.8575428291842373  2.9337257905863225 
6.420333287306631  9.525918522474246  2.6456052243338397 
1.6234638031496882  3.337207879700932  3.6271794042550027 
1.7163121048361063  6.250189990736544  3.038722269939168 
3.6196911700877656  4.8552324733282655  4.828458843413053 
5.586240777494622  7.848638482391834  3.752228319644928 
6.318502592541206  5.314055852873048  5.232733114531379 
1.4409255253834807  4.7441876804103815  3.178524961695075 
4.790198048239393  5.381468211821677  3.510221602842236 
5.63002649414552  2.261671288870275  4.452353163047949 
10.498135184458391  4.029219004325569  2.8737040907144547 
3.98087577345062  7.842469409108162  3.9182033184608627 
4.8745856434005805  6.502439511886363  3.359069407917559 
7.920744174722158  9.499975002490679  3.090439710088751 
0.1372852623462677  6.3878665403766055  2.8501390699838933 
6.014848014460684  5.730638293436491  4.145412960583069 
6.064606852829456  6.7435877217372004  5.504711235808131 
-1.3299689904636791  3.860503321505642  6.021086447308949 
9.626357737928629  8.788684795610607  5.083657076116651 
1.5408312282996643  5.946053731925958  3.4766455375598677 
5.178287655398705  5.5148719078486  3.452097945391159 
9.010553082451224  4.414976150919242  4.062932368446684 
6.213569514032953  3.3739415922807723  3.590123560742662 
6.500418724492192  6.614717723298093  4.887256876345271 
11.142403354868293  1.6780825201421976  4.700601414311677 
11.604013731674947  4.022470205089559  4.6349111325107515 
2.672072687421954  8.05128825985622  3.2196769365109503 
15.342334918683152  3.3665378655567313  5.6320402792446576 
1.9742902229746093  8.172478317283385  3.6116125475876677 
-4.964141876743845  6.59967697418589  5.87900877231732 
-1.3956104144454002  8.042848128825426  6.285142632099641 
5.347614332369071  5.205026148920619  4.577738451771438 
1.8717281110584736  6.686532216529482  4.947545522255066 
10.50885409116745  5.812665891467321  3.732125088106841 
2.233561437577009  7.98993518576026  3.6947458083375526 
4.946045255951608  4.126806658904648  3.763469433752879 
6.775795406501855  3.203414443451962  3.4274732076749426 
2.249215896925648  2.5686626052483916  4.541124854593905 
-1.0519165452569723  5.694718214568177  5.00360487960279 
5.686577122956965  4.982697490212816  4.103874468116588 
1.0833738197226257  3.177154391212464  5.21043186634779 
6.163485486084859  2.6877415627241135  5.646325328468424 
3.48435265570879  8.015799442306161  2.523295719176531 
5.1126301685783595  9.455259456622535  3.516850513034036 
5.399625241979255  6.168292699577131  5.063322736166011 
1.5629744733563484  4.856347795839166  3.687985936179757 
13.966489824863128  5.965603068363204  3.2403418427390385 
5.68890474550426  4.12296244664072  3.297939402850585 
4.368539152666926  2.1188067719340324  4.561983873673028 
8.620372626930475  5.870124479129752  3.6646864663405614 
6.604171464219689  1.5953800026327372  4.7419230795123894 
6.862268327389726  4.246602401493169  2.8809077399782836 
5.764687033108235  3.6293412272226133  5.139169741421938 
1.276392522281478  4.5004856353625655  3.342980037022044 
9.920637287199497  3.913097605109215  3.5667833925188686 
3.1665919329971075  5.7932620667704935  5.755336016902722 
4.681765894642021  3.9085499364882708  2.8067168267443776 
5.045159627642111  4.984926220403879  3.648641749341535 
7.330124590545893  5.780740290002269  4.302112795878202 
4.929752696305513  8.34921193588525  5.8292830302380025 
3.2265878058969975  4.483464274555445  4.95278365239324 
2.1161893917627417  7.104953401755161  3.1602806257681726 
4.95606364652072  4.812404399131517  3.6969933789235094 
0.6844407990574837  3.0987388221152763  5.031556646339595 
-0.45641294308006763  4.005675326687932  4.6030595534747345 
5.050714141702786  5.923717487326568  3.4134525360456442 
4.994826625511283  5.765640512143123  4.0878101284615695 
4.132179193198681  5.657224077477874  5.057063366752118 
6.295499596744776  0.6769269673058425  4.939915147889799 
1.735690858751708  3.0310544956194434  3.683731238142919 
3.0187902841717005  3.6152952229604125  3.6012452334824645 
6.626506442104965  8.679237117086057  4.409786113072187 
8.400872794339277  2.851642551764124  4.560879968572408 
2.201416777446866  8.006194994784892  3.7070328297440525 
6.90615408308804  5.570714216714623  4.3515458893962204 
4.145437500938137  1.0142458495078248  4.494764108676463 
6.105489158142232  5.3536435309797525  4.376465359120508 
6.171453254297376  6.765455701388419  4.731716792087709 
5.764745039970633  7.305116704665124  2.884188782889396 
6.271417396143079  5.6453869342803955  4.784990885706327 
2.3709864689228137  4.591698075644672  2.882874564267695 
5.692554010078311  0.5509518469931907  2.863005064893514 
5.974917650732147  7.496093276888132  3.1936238024082293 
9.221463039517403  7.66276619117707  4.991325060449599 
1.760953422737641  3.8192472085356712  3.8259743442094147 
8.782697479460984  4.572729941163277  4.2671357897879245 
4.101668092101981  -0.19017924285482035  4.244362921442444 
13.161944262634217  9.537261918940366  2.8161841183900833 
12.941829986159606  1.1547304211121818  2.9539865909041927 
9.662947356700897  5.773091180124798  4.404727872926742 
0.9590724091976881  4.251115442253649  4.775019012391567 
0.2058891278477919  8.031386982375121  3.1419908823100586 
7.233710827195653  4.6794429095461965  1.8907323826675833 
10.764135679230094  6.092380271293223  2.307822531279976 
-0.02460903860628605  3.154472936309051  2.5547885083487545 
10.652330290109763  3.12017889513832  5.507308395953906 
11.016574964874264  5.754385002357042  2.708311883267015 
13.882497770241486  5.2082529466256  3.6544189671985805 
5.277087805792689  2.139529541211008  1.7547981423214862 
11.482725049659926  7.6867191307246685  2.6593323395588286 
4.401587922126055  7.524592018686235  3.0655748343157625 
7.963958459694146  7.8321099609421285  3.4636256719411085 
3.033047637025822  8.217208446003497  3.7742988914251328 
4.058442646637559  4.051127611941096  6.456045008306749 
8.66952120666006  7.328577869571745  3.4438794120014866 
2.109376408603488  5.6356919732633495  1.558086557870754 
7.1583557638195074  2.4153320165351033  4.697818886096352 
0.9244290553033352  5.5152912409976125  3.702653617621004 
3.4040037197886743  7.41145165450871  3.314360358109392 
4.990070786388946  6.509005499200571  5.3666497566737235 
9.597092926502228  6.853884889681541  4.985382047439064 
9.969479268416762  7.0997205976060656  4.571888632990159 
6.127353469131844  0.6934954076626223  4.484657625802225 
9.16205571219325  2.8619429171085358  2.8047232148839614 
-1.3697613812983036  4.3942425657623625  3.9164189603179693 
4.6296822099170996  1.755231343996031  3.2760485709741474 
0.2274062443569118  6.427552365786581  5.672010328155011 
0.29301188699901104  6.236267173927684  3.461436045356095 
7.436846621669204  1.0833262626293143  5.102370098233223 
8.79529723121596  6.667087674256029  4.468042554817971 
3.571338930454189  1.468438554715092  4.941759402200004 
15.429894316761564  4.65567121367051  3.166503651501689 
2.0583719301799697  5.759395887311333  4.271640749648213 
1.7768463639017273  4.165410568383392  4.066048214700491 
-0.4791464041918516  1.5876029743676399  4.87078191708631 
3.605318447574973  5.181959893866017  4.797529957533683 
3.6623515012630126  5.476265179046208  3.726132154930383 
0.6119576484499154  6.31943638343364  3.9808401870541275 
8.644474743350672  3.858713476292947  2.5458184533055612 
-4.405382153241135  5.571929044992466  5.504499772962042 
6.826308783763691  4.222913431935012  3.2842950426102817 
6.3544555891781265  3.5707344589387198  4.332490085773328 
7.563542019006848  6.070222422543005  4.372550381833002 
6.666997855529189  2.375676564872265  4.260070748510003 
9.165946439469447  0.5193669272079928  2.871910667512566 
9.376327908135691  10.77825827655779  4.341910807633521 
6.740541090225269  4.713887810654885  4.269095450658003 
4.301929526031017  5.56807870719463  3.7614736027886195 
5.315153641626239  3.7390888387453236  4.635128332318713 
5.956520476609628  6.151044652906952  2.5571949310428113 
0.26921412721276283  4.929733778147784  4.066587945827317 
6.202296199207694  7.996094274952685  3.677099567838013 
3.873628975133359  3.9998519523069263  2.3257136999388335 
5.789865610116237  8.066390034514784  5.245845383498818 
4.338396931067109  3.220301988114561  3.9073228975757957 
12.13044024937506  4.845182127319276  2.960116758055567 
-3.58283717388114  4.148697800934315  3.9900119623173502 
5.08864335912787  3.970273917540908  4.967542829013304 
1.6995098798654045  4.6229214407503605  2.910519196651876 
11.999825346888972  4.916711444966495  3.520487448238435 
-1.022883590310812  7.064088116399944  3.930446750044632 
6.350896694391881  3.2225224181398247  3.6696205269545317 
4.570940749167567  4.6757191585606  4.1810502810403705 
-3.353354604416065  4.822889625434404  4.6804064945317805 
9.068503325805068  2.2901603830978274  4.018310870509595 
5.561478182549806  7.467061713562809  3.9825718913361325 
0.43147002160549164  4.759678301401436  5.940433375542993 
7.894140245392919  4.70659300797078  4.982901895161049 
10.53346499428153  5.757096539317347  4.366139881778508 
4.529248459264636  4.03620651178062  3.011077328396685 
8.12594139706501  8.289911334212881  2.7402531713460845 
6.173494069641471  3.270859864503171  4.890152887441218 
4.138060887832447  0.23426645611941854  5.054218530983816 
4.508440046527522  4.215774785141918  3.2645295987609053 
7.5414868869553295  1.6401633881032467  3.0426182009153093 
12.305259218250463  6.635654594198975  4.5042975465767086 
7.319876939058304  6.528423766917181  3.427230926696211 
14.087504534612055  2.4435165198519826  3.6787388914443993 
9.117566848662278  3.6427080409264576  3.4365830700844526 
7.047546591304972  6.031101799357569  4.1222229660488665 
2.0502839032560587  6.382732872851193  2.7137312283739448 
4.990959398448467  6.598968465644073  5.50260346243158 
4.391265830383478  3.725299227051437  4.198323765586159 
14.161848575276364  6.729266358175183  4.709113724966215 
-0.15098129212856293  -0.4000485465421022  3.443760413450083 
-1.956520034984373  4.769139737753284  4.596141101326793 
4.037479247741512  4.452319004834573  3.3645175989852834 
5.800138871392081  3.8276782499517976  3.3206622642847976 
7.875692695295804  6.612876828120604  5.4235374964773655 
14.799876032193794  5.703676943580577  2.0726719178330013 
12.399477884173393  6.685405343451661  4.422187148621035 
12.231702197568366  5.064398922326534  4.478048234375002 
7.079927329753998  4.4607573117193455  3.3300060871988535 
2.4188034180551767  5.1121379542554255  4.128268460068911 
2.092759141818359  6.5754856280969465  2.302235594019294 
3.756925553322917  7.779837945476174  4.036958711221814 
6.880879275500774  5.608000743815027  3.7411753395572305 
1.0466438482794214  6.278513241576276  3.767374275252223 
9.080025854253552  6.217931437967265  2.89705882454291 
11.29147738927271  9.181951295933196  3.7740205619866067 
8.618349193055964  5.9620329439640045  3.2766459096393747 
12.751234533147429  1.626976410858333  3.7968162926845253 
4.361572183668613  4.9554091526983575  4.355005311237526 
5.49584953943106  4.273967994377017  5.678189771715552 
9.852133275941014  6.631819786503911  3.5517279559813506 
5.339172434454996  7.717518953605246  3.0520139241310025 
1.7287768572054514  6.018620643943319  2.663137567229569 
2.463480626062406  5.359579360207379  4.735711771773205 
1.1548804193735123  3.1916493250396742  3.7061742350370315 
-0.3950426410883665  4.064970111938074  4.3666829574874955 
6.434062046357807  5.874593578279018  2.131099542934575 
1.1250925083459862  3.697564027215236  3.641810237548775 
8.505771078737245  7.510016105137765  4.003340944161847 
1.9219555164489588  2.514761073514819  4.122325919511589 
6.129964128190217  8.267342311222912  4.184505006603646 
6.674315037205815  4.437210730515421  5.9952458898554895 
6.676337627719793  7.124603636562824  5.66385888075456 
13.150608965806978  9.549314485279043  3.4352096039801836 
9.770101068541408  1.2697176000116799  3.3617737870236746 
6.017939731478691  7.054583008740524  3.239349964265977 
4.707288751378655  4.604029618138204  3.5750418948729474 
8.324552787134293  3.867553905330384  2.6364268478937447 
-2.0815257298003207  3.1874479881831848  3.332600639667362 
0.8013706542551517  6.4996837817873105  6.058839369361683 
2.271376981661666  9.455117526441217  5.220489007886499 
2.066710538852501  3.635572486728301  3.2037658631384076 
9.377094428609762  7.2514853198081255  3.508343824560729 
2.02584127150476  5.729860947210779  4.86717200793765 
4.810113354055199  5.969822947324372  4.21194555584165 
11.049855710938573  2.9239094015210867  4.157524578273296 
9.891735415871228  5.908959581516683  3.6152615030296147 
5.3432062435895205  7.720979238860309  2.2606803879633857 
9.87786060012877  4.686724631865891  6.119011570046207 
8.578239843651486  4.56597356001573  2.4959050747565925 
-0.6881071492567274  3.998449914005734  5.227803052868694 
2.867029741382792  2.717438359744847  5.165677015277709 
10.550777800381184  3.5476517863755532  4.592141823679635 
6.363678895838202  5.474870672289343  5.0474874041974545 
4.129146913899071  2.7167827300727367  4.85751981055364 
-0.04588256621191  2.588998083025217  2.6274108719080687 
5.266388749703765  4.549900828754349  3.182409263264343 
5.891374239973899  5.1166122940148355  5.224938028927657 
8.98228794269305  4.469532337039709  4.177122403637986 
9.773179311305285  3.437904407711657  2.0539614966729496 
4.327970544192176  6.180528662358799  4.195885933935642 
8.525201868869543  6.3170980739524065  3.96622364083305 
-0.6996742729097605  3.8879327002561936  4.730740878876755 
0.9551329631358385  3.812311028934455  3.1085752127692103 
5.104949946069199  8.625016121743489  3.8865056655672654 
10.626625781458008  2.414066386212392  4.707959506373458 
1.386162309276136  7.244231495074928  4.199554585106225 
-2.663886938851678  7.103078981861472  3.8416423965245485 
6.077472725883126  1.2460418241098523  2.581651787273586 
-2.135399904685798  5.075390197017573  3.0921317469020515 
3.0975176226347685  3.948377788066864  5.062012511305511 
6.650208367079697  6.672983176370841  5.340201542247087 
6.65779254026711  4.614187137037125  4.526375091435702 
0.27817961390135526  7.336966903765555  6.169350456602615 
6.9715369483334975  3.4537944679695984  4.355020706861545 
6.050436619770506  6.501136776519824  4.183750622951158 
5.1849447578647645  3.2110187039522122  4.224884628112235 
2.7655320308714657  0.5684052242297071  4.468574112281203 
1.2389421203101083  2.894985214807093  5.5707980067284275 
10.083133412525058  6.746666211471552  5.534667917475224 
9.874436809783099  3.816595154814422  2.9186666808625965 
7.727014496922493  3.7339609605196564  5.064950123801215 
10.523477675393224  6.14168834220618  6.010077676334179 
4.218504747375846  4.6734402809732005  3.0484862816520035 
4.269038139215747  2.519265123642981  4.41246009714305 
6.853511478751898  5.6778120985254645  3.507747909990724 
4.609460608161431  4.082705805376796  2.5939674130640924 
-4.817861606896958  6.9589828226073385  3.7017888165530497 
5.79936002753675  3.3624362288369367  4.681100858800923 
11.422983769327402  6.051694194786251  3.17651183092317 
5.698146685957909  6.7181918778341325  2.8986562974750996 
11.15443854601048  2.709565688855946  3.377745501231402 
3.840279160067439  3.5507489098235965  3.601934650912881 
6.6193319850893655  2.5223179273307323  3.3991297115571797 
6.212708367501252  2.0956709325603833  3.549801435154199 
8.854274610659056  3.399935494594491  4.950820046394506 
1.395496171912292  10.747754534426782  3.84148590401307 
9.47907799296081  1.8159986056529602  6.416654322445291 
4.429533089525153  6.052575967274606  5.01694168522954 
-0.03227783925831318  3.0354551557712037  1.9094471784808769 
4.2320318817528  5.050401721326053  5.574113086600347 
6.929504300598419  1.9387124134227633  2.6930585554800928 
5.049371985840946  3.40211869992533  3.371258350687771 
3.256531350501213  6.733466719334001  3.4958509944523404 
0.8087821435183287  6.5865416587070635  3.838513411225639 
9.699373055249453  4.355290491944236  3.5309327440336347 
-0.9051286789371948  4.441892010555086  3.8807245885412973 
0.31519407220184803  3.5074894182908585  5.398030438926071 
4.0619672655808525  6.0973304975777864  2.564056067242709 
1.6993286387305453  4.265049615242657  3.904079489875585 
4.898891715755262  6.228926380665728  4.614027400837149 
8.440917320468824  3.2680912771336095  4.459178011422188 
2.1155046367443333  5.3226049909306825  2.9031679136678576 
8.107323087896889  5.044733508490026  4.891655648608635 
0.8082267120480537  10.374362069642647  6.525327990207719 
9.42096403427422  6.396722540163284  3.951411505229771 
3.1373494949492873  7.896197796468568  2.057617976315166 
8.232646723587703  2.749957086518407  5.5746733248233795 
8.52277914804248  3.969382090609093  4.160636836197227 
5.813226949247511  3.600058367371937  4.106871927157044 
11.047400690012878  3.659875533842862  3.4669019444461013 
6.412665866258843  3.9569387640804052  5.974437684468926 
6.291298778927066  5.628389124441242  4.010189958854664 
8.666706097563617  5.47773845307529  4.206363341771066 
3.20067233160977  6.489878345414086  3.1809592639429276 
2.8844425924347377  8.064655415713787  4.534623044077307 
10.620944280714372  5.090950311161578  4.057753670228356 
6.443595496937633  4.178608624879002  4.905043103033156 
10.065472679581825  2.210562421940267  4.260936727343194 
10.1207394618541  3.6177057940512896  4.545945563819259 
-1.1040442350027204  6.6860512514617625  4.182509400800388 
6.1025035232652485  4.914634550682196  5.655325432308018 
5.269914627073074  6.423384412191808  4.284681530093045 
8.243888446592475  0.6817028502143927  3.6745609636342307 
2.3268323311402295  10.352262521436227  5.001778908073902 
1.631410096682055  4.435401683110668  3.820894689299166 
5.700145756825805  3.309050316801067  2.5668389581438116 
2.0766279033367976  10.068955245414092  3.081836044579747 
0.7027196616410816  8.530733163329508  4.220787095288468 
2.1000917580795075  7.768081562593579  6.174148208224528 
7.097298439420323  6.561624661048958  3.9038051903930326 
2.006287183612585  1.623064900365827  3.3961185991135148 
0.9436581239279347  2.970448105596006  5.211406897753477 
7.166391709919445  6.85400058394714  4.231563624117875 
7.738964855033226  6.54741385153857  5.090294662863016 
7.866111848361317  4.917992282658815  4.4432247752210845 
3.4819260073189273  6.184805714894215  1.3934515698246246 
6.028921573907395  6.197384393773973  5.503924356493689 
-0.55236352670779  3.3330240380466867  4.348724684701194 
8.235258383361636  2.6775695886462927  1.3870494603293753 
0.5276808811132003  2.481170262545591  4.204891289584339 
9.174682050886986  5.621596186384462  2.985021916218102 
4.972344173118472  3.285719210281968  2.861461913213134 
3.1880938873984377  -0.28571128688425595  4.578011269632806 
4.6848614696701265  6.718619435482129  3.496649892627227 
7.561467920538979  3.9984988551586866  4.6955767511279 
9.032787721604109  4.665228532242589  5.362444904167205 
-0.010003333911299706  2.3300068517129575  2.820050096822195 
1.1850983154735655  4.5742270347363405  4.027460482902825 
6.437148446217179  1.598812083548736  2.7689078920186945 
4.688109211197133  3.5717285370615626  3.125442532111398 
3.71823304010349  4.79971418653871  1.8310586224239351 
6.477359317243099  7.461719092912972  5.636041354145566 
4.732811516150832  1.5702643060835682  5.920538635660285 
-3.727758503805674  6.374209905974567  3.6048806714624275 
11.3484001549601  6.266360103402926  5.619036342483014 
3.209245950634047  2.6206167273490766  1.4666263662568513 
1.311013281687332  5.89777815095328  2.7021434705633953 
6.137870878062289  7.371009696549032  3.155237454455346 
6.671016026357092  7.446979599900377  1.5172829721409458 
5.056655432327883  2.9785047865261385  4.122482707584373 
0.800396591424942  5.1424315907076465  4.207740403757082 
0.7374247889965773  3.276275679387057  2.522080693859607 
7.366538528665599  4.899947152310217  3.52190628554672 
1.1951774302327145  6.043176915496588  2.6396726427253747 
4.317551705744513  4.069089538301422  4.362586511979675 
1.8953714613775237  10.110064236307888  3.700890563428402 
2.727631580169861  7.4470290299504995  4.6887375270897325 
1.0900385045335135  1.1580138220937473  2.2118778824806213 
3.0151122603565454  2.2542991805821657  4.5868298946177255 
7.950103325663209  6.620983875061167  4.134897044394165 
4.990034651011229  4.204389235936105  3.330771087203175 
2.4872842814717515  -0.4828435340153421  4.27424629451707 
6.6327398108111435  6.178830782906183  3.348110721100188 
3.1481807120144367  4.332027358002961  4.382718955632299 
8.068392897033853  5.8654557157324145  2.5336234006099403 
5.6983067486435175  5.192262187439854  3.999387818854302 
8.723858649087342  3.84133701857173  4.060915268427841 
5.491662912070751  7.783976957201958  2.6772253732196987 
6.587927401065826  5.083488585844079  2.3951236321686378 
10.360994033818713  10.110636613225935  4.075081397912873 
6.3815754543033965  4.926339154669824  5.485492991749197 
1.1154086261977518  4.935618645511568  3.3638901214615857 
2.6329674868028796  7.42708410974592  3.9424355500377715 
5.385854006401409  5.575537675991654  3.691426813938133 
10.155169952660799  1.5756411357676519  3.676660325843841 
5.246974503621459  5.258572652004659  5.1023717490024865 
1.2425297240862445  5.417766922969307  0.8891990203170894 
6.1096260585388436  3.936064347539916  3.4611776932142675 
10.446110766381025  6.409681083634496  5.152460455428809 
6.025187693536282  4.459337812091339  2.966307673137635 
14.216615434988583  5.194026471115649  4.4413411701098084 
7.328736675389118  3.2042431398571374  3.3913438570515617 
8.296001179011014  4.906890492142493  3.832473639604823 
3.9671756964469918  2.235230951480501  3.387847784109127 
3.269502683339704  7.557805472053587  3.9451357813149848 
4.256072273477912  5.048945938061139  4.295185929629952 
0.5761108193546534  7.986583449262689  2.619216997600293 
2.9922827798873186  7.773600558750331  4.97377845606508 
11.574115966016567  6.889887814410031  4.715188856236637 
3.195266712477892  2.291282767615573  3.7439585526977543 
7.621130332121716  5.000607660334095  2.3063365994021297 
4.38923842087388  7.9195356061682105  4.907991700849884 
6.287001109726635  5.218329481780529  6.153107946600106 
14.938829183880848  6.666982423996875  3.2292156225167914 
2.2225024955190165  4.695829190153454  5.054134650155902 
3.8288484432941186  7.005304558202624  2.9108610060065985 
3.9252531620638056  8.329155338503101  3.7474476639314536 
4.251443263143301  5.632278547622263  3.8469289829954505 
5.039173027695524  4.275421658691114  4.406046649671626 
1.9835997066401312  1.635098290629685  3.600901184585828 
8.63067354403958  6.045750465244055  4.664281056808461 
7.723751257325706  4.453905196860433  3.5198067057045366 
-2.6333790203429963  4.651950064402726  2.8362476178199465 
3.607514270693196  6.5749964994995915  4.660008762963116 
-3.2993891401423454  5.996484784409404  3.0363951001281255 
-1.1850834594194017  4.161896688477326  3.2995059508947313 
8.505809537006046  7.582908879965544  3.8745282660238445 
4.185391119756755  2.9175186791943313  5.329477872233838 
2.5892598796635866  5.067238183308156  3.454278035032586 
8.05701114697972  6.019556823186576  3.829769929405302 
9.231310309842229  3.918291721923625  1.0087833212141302 
-0.689162290037574  5.150677268393338  4.997143077350948 
4.351765835928772  6.456222912803219  3.6540063209831715 
0.5105427764356136  7.09656367264688  5.3828197708343986 
9.964622966945171  2.9227192476391792  1.942751754215136 
7.09601454436779  4.976069475853889  6.29560200773224 
2.2997226286679506  3.070546451633957  4.622392765246332 
5.499915774911642  7.991279358975589  3.946663927861695 
8.440783905839979  5.359165510438118  3.9752733465531644 
5.877847885712981  6.036402088589966  4.393679093103856 
9.045697442593696  3.35179187528864  3.2140390048734844 
3.789371869432454  7.250911441631615  3.707696927683933 
1.9573999378909352  0.6132415623991854  3.693895777446392 
6.563940100221915  2.7372877476736903  3.159418966369745 
-1.4394165873527527  5.579323867272464  3.4420755394508578 
7.546420564779618  5.3213799530640244  4.0585253547133355 
1.8873931757384454  6.337532897402928  3.81935645500198 
9.078075371682644  3.8477626786219075  2.196665311249639 
2.0489811653174375  3.2846410495030387  5.004035020712763 
7.280846781740463  5.717126535705866  4.649700616952032 
7.249924282158382  6.114166773779344  5.815756039799762 
4.798396905884147  4.597148928873421  3.299463787091675 
7.38103861617795  4.801603843506374  5.032779499101382 
-1.6656319060510638  2.1480890437960625  3.405536146588482 
10.901362664997578  4.8829654191443215  3.414890330284834 
11.575331355581177  3.325857086107135  3.4203543009574835 
12.59500861484145  4.801004768984539  1.7543047095706394 
10.330927887931466  2.2982807541266084  5.068944176193327 
3.570159294648402  4.93643108051261  3.909138939865311 
-2.1371472374144256  3.0927762374177075  1.9526208248217407 
5.719483025385816  1.8459406855336749  4.234673019605218 
1.95680776060866  5.891277845220046  2.9918286064639688 
8.234965300187469  10.503454113920618  4.616588516777428 
12.160252802009564  6.054878793656826  2.8048393348785905 
-1.0665534024307206  6.545213501255933  4.714569909100733 
6.464645139873028  6.171795879524505  5.2503781227738 
4.523166696042939  4.631226172715619  2.1872778633234606 
0.13049773295559497  5.571963943023211  4.266734159333003 
1.8138925537644734  6.3733177642032945  5.014674867969006 
9.657712960615754  5.82729180741478  4.239772865286225 
6.400160940001106  2.6826515812426805  4.164695743921632 
6.285508630991872  3.0248707951208047  4.028737946585622 
6.213619646033667  5.419627188704908  3.4277909935614557 
3.6115623806771815  5.3478508525890085  4.729197794725841 
10.649384342133999  3.4826969066634774  4.478107348760103 
7.421767500888585  3.160013500009912  1.941550426106994 
3.4378931678090865  6.362141634254656  3.5420431645290726 
6.753769972609071  5.1367083271365495  5.394433197701699 
7.336367766613128  6.41804434207816  3.576285087969154 
10.264754030664413  6.640193432000761  2.753856688272208 
-2.440768365564187  9.155541991699012  1.7108659516944136 
3.232979377731681  7.095097352750599  5.248125113709516 
-0.4747772477567196  3.8350423194728185  6.125320809688768 
1.4942642382850124  4.564681915271844  3.2933769395015147 
9.61374388136053  4.388446571338946  2.679247412830591 
-0.8732206448977742  4.087800317436307  4.085915275441753 
1.6340065571261757  7.607708026041328  3.445985975029278 
10.199283413589  6.415834508836269  4.796205751597881 
12.376862721735439  3.1822342004510373  4.569894027902462 
6.491704761981964  4.60399441793561  5.188380786217749 
2.571614554875808  5.076441285200417  3.2168015958721714 
-0.293653422552703  7.524766765858646  6.3865920044218845 
6.26512835547328  8.626011216666823  2.6397475469857454 
14.632796077190912  8.359785322099924  1.2681874745717376 
11.4838307490183  6.886969096529971  3.1005142350274895 
4.976216970011592  3.4728696197271347  2.922574834898114 
6.985182628748559  8.26018173713237  4.214023331939204 
8.219215234791807  11.148695682843382  2.7490892918702743 
9.07166170887649  3.735657296560965  3.7187557814666046 
8.323101306334138  5.955569413490593  3.08115853320244 
6.465109269738974  4.365826325491071  3.763905457686633 
8.845743260320523  5.763152536936104  4.455032575114285 
0.8660677500309752  5.412847255162876  3.579409550409764 
0.8187895289325855  3.526672157977864  5.583018928300589 
0.328710338100791  8.800932984533276  4.3134701066989996 
1.286462696031979  4.929358571394812  4.5772501985061345 
9.261791413649917  6.358652351424098  4.477359984549941 
6.60567378418307  7.766478553414345  4.977584017614909 
3.367893568470672  5.919464253820479  4.168708173584727 
5.236714876066381  7.151785867288709  2.9842312852852046 
2.2431698467769117  3.262156400710369  2.9658642294816673 
1.0171623367675728  3.1954418291758815  2.737796743400395 
1.0328434572385898  6.579033597763497  5.1703456324480355 
1.697457380592823  10.190276125386989  3.7450837986505614 
5.458609033699755  3.4438187598436274  3.6403803073854952 
5.39879684895277  4.431020583099224  5.669040389358997 
12.320457219802487  3.898573719896376  4.213395952247083 
8.90668362031513  0.6912316781924144  4.130576418247074 
15.808653270509508  3.298892474733293  3.70266778068617 
7.667829381301999  3.7264075027778745  4.430597437079996 
7.974336849988605  1.0812415794739838  2.3444285499336788 
1.1511070946805741  1.6561398612187288  4.927607317372985 
0.047751160338521004  4.268982685171068  3.452648856627703 
4.732557425275445  3.994958552124249  2.8581824937660505 
1.976424853187213  3.5406184418008078  3.2243820298463106 
5.928884657936601  7.767033780924976  4.471938790819913 
2.6819206830733275  5.120442036316639  2.652210967268914 
3.7015237190334442  3.8377987827884654  4.268266961131526 
2.9086089956883168  6.20204899661876  5.61259040934965 
6.355132708325982  3.1563740572432506  1.12201772205233 
10.148294338956475  4.979142302647233  3.949938675854355 
5.163750391303255  5.245881292968988  2.577242515318494 
10.257931975647807  7.404544592110856  4.918482941068403 
4.360702722399594  5.519575319097792  5.707276858389378 
13.861458089062355  5.718191028572619  4.049330107867718 
4.612244171624257  3.960276622325182  3.9727302290595907 
0.678904851898551  2.886211536824703  5.47076609732251 
3.3902705229488745  2.4479478521121063  4.481265312630093 
7.0650966595858335  1.0459065260365605  5.4710477487908955 
10.226079195737839  3.3896177149473425  3.818306004235317 
8.88507842922448  7.9404938808489485  6.215529353075784 
3.6751637010827363  6.675006346114452  3.836042854270294 
2.557541551068425  5.930276968065175  4.920143238840561 
-3.8564830394616774  6.541827370389072  3.9631867236457765 
-3.6167922310975094  4.374192643910646  4.138339989352971 
4.8846915159374475  4.185102123821968  2.4414305482059717 
-1.144858617000227  8.056204723194242  4.901771197112026 
-0.8176050186157227  8.116704267449677  5.000488468911499 
11.824480023719943  4.0701249421280385  4.643053500168246 
3.420167373756607  3.6167045721568636  2.402216822374612 
4.187434151768684  7.198802746832371  5.110341087728384 
7.675852668998385  7.456875439733267  2.59246813878417 
3.4517099130898714  4.679708001165471  5.145271919667721 
5.447687100899298  5.384485328570008  5.1494662077755775 
2.189825806989468  3.3055834301128666  2.157556418763621 
8.77015053084749  8.071813867427409  4.347236800938845 
5.108436631529889  6.693200315319996  3.149637545245537 
3.5435876638455515  6.6388798715860835  4.7355616157874465 
0.04614384265739435  5.75036183520842  4.919214922163491 
-0.11298541724681854  7.0446890173479915  4.597383978811264 
2.518884342466917  6.482609696046284  4.558820688762042 
1.6355211208835954  5.14248022355947  4.181532958364858 
9.941941317170858  3.401409814190724  4.760310080976339 
5.57380127109225  4.722822065465152  3.785716679136493 
11.069999408189204  9.84274621511776  5.289944432210177 
10.37941518612206  5.821555357491712  4.599808495152979 
-0.9319727458059788  3.8349935971200466  3.91703172013304 
10.492937026545405  4.195944780483842  3.971353705353807 
9.330023133712668  3.826004576269046  3.458160529477865 
1.7400300768924595  5.708622410603958  5.937500369998111 
0.14927104115486145  5.3951254562748305  3.0055772465269563 
6.396260508691618  6.223797187209129  4.923592051066164 
3.6618952229619026  7.487288559993828  5.046311029233038 
-0.44645204953849316  6.137954165636365  2.8872393569909036 
5.070541519260912  3.8645014515207023  4.410924274940044 
-1.8010110445525376  3.090634463635557  3.758484788715275 
4.57627453841269  6.560492439916244  4.396300134275975 
12.766420982778072  1.728906069882214  3.78185002678833 
2.0935170568421064  6.0171763971447945  3.746982582844794 
6.153905782275457  6.212714752008897  4.456403539516032 
-6.9929718139539965  1.0803275317961294  2.6456572907045484 
8.945219529247032  5.595739775337279  5.758137623619797 
10.726746499538422  1.7398480299914807  4.208313620366151 
-2.114538673311472  6.775036924861509  3.124015239410958 
6.688206568447107  2.501704884964157  5.065240883058387 
7.617597140329771  5.375527455471456  3.8222487013438697 
4.020738604274399  4.36785747603794  4.270481639928992 
7.5875282472725285  4.941305425526382  3.5520978329617323 
4.836224682629108  4.258388784714043  3.173886022570762 
6.1806695581638795  6.869772738742983  4.208440219544688 
16.702412093366334  3.837879958562553  3.435209190007299 
0.7738079745322466  5.3982882630079985  2.260968326910962 
4.403786484152079  6.980020442471802  3.196699520930256 
9.352204187324809  7.340833191759884  2.0629041119149827 
8.122903110459447  0.2616611781742151  4.360980746470019 
9.711572667583823  2.25469019071265  3.797347238832627 
9.619447572156787  5.697434631176293  4.239748699929875 
5.6942241601985515  4.772774086333811  2.3282555061182912 
1.4869667201977208  4.406350250280249  3.2469329788050807 
8.227251577329062  6.581575290199623  5.964340989052992 
-0.33589376881718636  5.44797015824174  5.159476465446039 
-0.07088322218629983  8.171473810449243  4.905474277690571 
0.03457745113682442  7.114538548514247  5.022312591318041 
5.817016982386063  6.240325933834585  2.0340049687231327 
-3.8239020274217275  6.0145744353189  2.780022029299289 
6.637631935846205  8.674374006363617  5.631623193621635 
12.754811720690963  6.302865179419363  4.647872163058846 
6.663715025009866  6.112716609612107  2.788669457193464 
7.3274548053741455  6.952102527855421  2.538292720205442 
8.57175177359044  2.581148202265588  3.8959058970212936 
12.167024460221995  5.8051282863212625  5.642162052448839 
2.9525078124421658  4.4595039270256  3.384072372689843 
4.065861369288868  2.5061095961920716  3.671785451937467 
6.761537873197021  8.276619893498719  2.942185395397246 
6.183681611931682  2.875835452095704  3.912518715020269 
8.478973343968391  5.2400239125185495  3.3270361536625312 
0.3091065251934193  6.286382376216352  4.343267458491027 
4.842138076396592  7.227298081852496  4.247268506791443 
0.2137440387159586  5.482910540886223  3.009381211743019 
12.33441254292274  5.21576148483351  5.03579373890534 
6.53747469537589  4.768003710052531  4.701794318150475 
6.610085023052985  4.929948987439275  6.528473013681645 
9.08340802974999  4.951841894239363  3.7718126967149956 
6.846197978601161  4.733226937166225  3.9700300483964384 
9.824209311977029  3.974207775828699  4.837226231761236 
2.22882086224854  3.1067679460293194  5.4015410724096 
3.663755500689149  10.844801098389523  1.643977874932336 
4.542979182183732  5.873086708809321  4.075293440880264 
3.29925677822372  3.3225744506889514  6.19966639992143 
4.686392284929752  5.883252778090537  2.18085293932012 
3.0278001386504325  3.3324802415128927  2.832316216081381 
6.989153587411678  7.044495860114694  3.8952010278590024 
2.700517835095525  5.486038867384195  4.496381440665573 
4.489146115258336  4.243135920864551  4.644910302944481 
6.4159322518865345  3.832317271269858  6.444681247947669 
0.6209732553742411  3.8569156620651484  4.535556193879209 
7.301180309682751  4.834922193549573  4.4019126310013235 
4.403727140838367  4.449074498313065  3.494837890379131 
5.63316498324275  5.691138753667474  3.000066379060376 
6.894073065508415  5.17275599531447  3.8050855750113275 
10.910318946995512  6.213097401894629  2.8660001954995096 
5.845772139903403  5.760345933949481  4.003781483974308 
2.8091262727975845  5.365168856456876  3.115804420191146 
8.137268939126969  3.782504981517187  4.813966384432405 
-0.5838890336181741  6.467563737439802  3.932666143751954 
12.889993903259928  2.5560456262901425  3.583951237610173 
4.598076790571213  1.9921928420103399  3.0559206532129406 
13.511758088738429  0.31032279789305317  2.2788060740567744 
2.98318029093908  6.135738275395733  3.4900457857479483 
3.9262167087397657  3.2573899674742535  5.126211814582348 
12.155873484909534  5.668734020553529  5.085581019055098 
10.497262885794044  2.8873916817829013  4.362792466939991 
-2.0999485701322556  6.601476133751116  6.309357751559204 
3.8299377914628465  3.058255247428856  4.642554888828721 
-0.9190178670911449  3.227344920314165  3.7258738623932004 
4.9517220920940215  7.679572958499193  3.8941525450037067 
6.351385241374373  5.609746638370052  4.329983061395813 
4.734307575970888  2.8832894982770085  2.627677546814084 
4.7255549877882  7.128105492331088  2.826508878264576 
9.63672007061541  4.6781819853931665  2.864267725497484 
2.828383107122942  9.709358680319076  3.6185171260497966 
7.495341286716803  7.626000878401101  2.61541385948658 
1.533850821578108  7.777861771605201  3.366083960980177 
-0.07471024990081787  6.961408676443891  4.479918518836517 
8.714116821659205  4.642058210467428  3.9377219512126813 
7.827398693189025  5.8477165255625865  4.869345887369239 
6.198434199224664  5.936453121714294  6.326930438201775 
10.054249830543995  2.021865655635451  4.752807977177042 
-1.2299045095006091  5.846383789898193  4.845899488377486 
3.900636211037636  9.063234004824062  2.346829416695982 
3.51206524683122  5.891558224551324  5.971946997478994 
3.539910303581383  8.319395307451487  5.1173832872882485 
1.8177481945604086  3.9528812700882554  4.411591994110495 
6.430280184446703  4.8015946466475725  3.9897852675270267 
-0.9308826345950365  4.176480532033247  4.625808675994619 
