6.19
6.32
6.29
6.21
6.2
6.25
6.27
6.26
6.29
6.26
6.17
6.26
6.3
6.35
6.31
6.33
6.28
6.25
6.3
6.25
6.22
6.19
6.3
6.29
6.33
6.28
6.29
6.21
6.18
6.24
6.26
6.24
6.23
6.25
6.22
6.25
6.22
6.23
6.17
6.24
6.2
6.27
6.23
6.25
6.29
6.26
6.25
6.29
6.24
6.25
6.21
6.26
6.27
6.28
6.22
6.25
6.24
6.22
6.21
6.26
6.3
6.33
6.2
6.23
6.23
6.22
6.24
6.28
6.22
6.2
6.21
6.23
6.22
6.21
6.24
6.21
6.22
6.26
6.21
6.26
6.17
6.21
6.23
6.24
6.21
6.25
6.23
6.22
6.19
6.2
6.22
6.24
6.26
6.25
6.2
6.24
6.19
6.2
6.16
6.22
6.24
6.21
6.22
6.19
6.19
6.18
6.24
6.26
6.25
6.24
6.26
6.25
6.24
6.22

