3.85
3.85
3.67
3.86
3.91
3.89
3.69
3.88
3.90
3.71
3.85
3.91
3.90
3.84
3.69
3.89
3.89
3.87
3.82
3.86
3.72
3.89
3.91
3.88
3.90
3.71
3.90
3.85
3.87
3.90
3.84
3.65
3.85
3.88
3.89
3.86
3.84
3.89
3.83
3.64
3.92
3.65
3.85
3.88
3.85
3.84
3.86
3.90
3.85
3.89
3.86
3.87
3.90
3.91
3.85
3.64
3.92
3.86
3.87
3.95
3.85
3.83
3.84
3.67
3.91
3.89
3.67
3.62
3.85
3.92
3.90
3.70
3.82
3.67
3.65
3.93
3.87
3.90
3.86
3.83
3.84
3.88
3.90
3.83
3.68
3.83
3.71
3.65
3.84
3.87
3.84
3.64
3.93
3.86
3.65
3.90
3.84
3.89
3.91
3.67
3.65
3.88
3.65
3.90
3.86
3.64
3.83
3.85
3.90
3.92
3.89
3.85
3.67
3.89
3.67
3.89
3.90
3.83
3.84
3.87
3.66
3.76
3.71
3.73
3.85
3.83
3.66
3.87
3.87
3.85
3.91
3.69
3.91
3.65
3.65
3.67
3.85
3.77
3.60
3.85
3.89
3.84
3.85
3.94
3.93
3.86
3.65
3.88
3.85
3.84
3.87
3.90
3.84
3.90
3.87
3.88
3.85
3.66
3.68
3.65
3.63
3.85
3.65
3.86
3.94
3.83
3.64
3.91
3.83
3.91
3.77
3.86
3.83
3.89
3.67
3.69
3.67
3.84
3.83
3.73
3.79
3.84
3.81
3.65
3.63
3.88
3.64
3.66
3.90
3.65
3.89
3.65
3.85
3.84
3.64
3.89
3.65
3.67
3.69
3.89
3.84
3.64
3.88
3.87
3.89
3.77
3.92
3.91
3.90
3.87
3.90
3.88
3.85
3.88
3.87
3.83
3.87
3.89
3.79
3.85
3.88
3.89
3.86
3.65
3.83
3.83
3.90 
3.84
3.89
3.66
3.65
3.67
3.85
3.67
3.67
3.87
3.89
3.84
3.86
3.69
3.88
3.85
3.87
3.87
3.74
3.93
3.85
3.87
3.67
3.86
3.83
3.73
3.78
3.84
3.65
3.91
3.95
3.83
3.85
3.85
3.75
3.88
3.83
3.82
3.86
3.83
3.94
3.85
3.81
3.83
3.84
3.84
3.86
3.85
3.90
3.90
3.88
3.65
3.84
3.67
3.79
3.92
3.84
3.85
3.93
3.83
3.87
3.66
3.88
3.65
3.62
3.85
3.65
3.88
3.88
3.89
3.70
3.88
3.90
3.83

























