4.0784366
6.5988468
7.7997695
1.9576369
8.833457
9.7648492
3.8228593
8.9628649
9.592579
9.2134912
7.7468647
9.5161017
8.2965404
4.5101193
5.2771382
7.4797514
7.1184322
9.7130203
8.1001893
3.4587186
7.5658278
8.6773997
9.6554133
9.1182079
6.9925462
6.1500848
8.0168926
8.5942685
9.8393079
7.6403407
9.3879998
7.417194
6.9938771
9.8250487
9.7502968
9.2601963
6.1643703
6.1060128
7.3273048
9.3725164
8.9916736
9.9210963
8.4860835
6.6689978
6.9732648
9.1409682
9.10642
9.6499992
9.66408
8.7852349
7.1006167
7.2579601
5.0368225
9.6766312
8.8297651
5.1657935
2.1057185
6.9492631
8.1796517
8.5689239
7.0573709
7.013792
4.6429114
8.2792326
6.8553329
7.1138801
6.1720155
4.9858131
7.4602352
9.3266232
8.1459508
6.5145987
8.0899223
7.1518576
8.8375002
8.1688421
6.270135
5.7923382
8.5601355
7.6161544
7.845243
7.5155612
7.9205375
9.8088402
9.4646748
6.7079222
9.2188363
8.1342895
8.8809916
9.4588233
8.746448
9.7218286
8.6745613
8.4662573
9.6103157
9.671775
9.9361292
8.2881569
9.1345041
9.1931002
8.301404
7.7384292
9.2968478
2.8247595
9.0604878
2.4888461
8.4166103
9.5352508
9.2801407
4.3889523
7.1721636
8.2644199
5.4379857
8.4380326
9.6982642
2.8940935
9.0933178
5.5915833
9.1575789
5.1992015
6.0323339
9.1784279
9.4886144
8.8422174
9.6973001
5.4012292
7.1980855
7.0520153
7.7122431
5.981575
9.0936113
8.1228169
6.5080451
6.44599
5.6142139
9.8443777
5.4518187
9.2323436
6.4565792
9.3279195
8.3348709
5.2375787
3.964385
5.6400089
4.6362828
9.7694226
1.448562
8.451814
9.5293641
7.2673529
9.4048421
5.4175982
6.1313318
8.8562008
0.84206745
6.4944554
3.6210843
9.3711001
8.1102742
8.2711645
2.5499621
7.5972227
6.6521774
9.7631873
9.5183078
9.2759853
7.3274354
7.6887071
4.8528367
4.2470141
4.0088434
9.3538261
8.6816918
4.5782554
8.5488041
8.4378514
6.9822415
7.5724551
6.4103616
7.6721726
9.2705112
9.31646
9.8147314
9.164483
7.9914231
3.994878
6.7490503
9.2943357
4.9411947
4.9805645
8.8680536
2.3894141
8.1454319
4.7999407
9.2529104
9.307259
9.4920911
6.5612677
6.8590717
8.8027325
9.2005813
5.2789139
8.7386649
6.9407676
9.0197504
6.2783418
9.7845433
9.4223945
1.9488568
5.2349159
9.124205
9.2626095
9.2278733
4.8888372
1.2653866
9.0412892
8.9833187
5.1996288
9.6733323
5.0384716
4.5963715
7.6967286
8.684286
7.6029593
3.558104
2.8972791
8.6276009
3.9902718
8.490522
9.6155273
7.6090537
5.9767733
5.2127042
8.7610694
7.8939986
8.4114399
4.1812938
6.5517833
8.1016813
6.2306685
9.7885757
5.4977983
7.3644419
8.0136305
4.4897489
5.8604487
8.7666934
7.687849
6.4542617
6.5568413
7.8802821
8.4052007
3.829747
7.4145029
6.1167183
8.8852571
7.5219195
8.9145561
6.6310789
6.9019692
5.1111321
9.3245715
9.6419798
9.7399206
4.1702194
7.5979269
4.6792227
9.2791355
9.3025636
8.3638961
9.5466247
9.3889679
9.1542677
6.0545596
6.4442769
6.4494109
9.8576725
9.7275031
9.7058549
3.0112995
8.779151
7.6536065
5.0610079
7.4869762
9.4724353
7.8452757
6.8636017
7.3979039
9.6030383
9.4723664
9.9964345
8.795623
9.3268934
5.4488365
6.1630929
7.2894527
4.6334804
9.9066695
4.8728406
7.5778681
9.6207627
8.85458
8.0572083
8.0414627
6.9339721
9.311422
9.7647049
6.6663933
6.3311482
6.2161863
8.3081373
9.9120317
5.5823569
4.4408033
8.422289
6.7306275
9.5131095
7.06194
4.9823608
6.0349979
9.8752723
4.6933641
3.8702145
7.5065854
7.8366955
7.3609797
9.0943015
9.814024
9.9113626
6.8681358
4.968894
9.930715
6.9789587
6.9224528
9.1290173
9.8180211
8.5932473
9.8306884
8.3849227
7.5367986
5.8237408
8.3988794
5.5807831
6.5486513
6.5916502
8.1525674
5.3358106
9.4537371
9.368687
9.8749945
8.5983716
9.1064884
5.2965537
8.9873806
9.558554
9.953374
7.7545084
7.1953205
6.5390185
9.9435552
9.9324766
9.4862251
8.2622922
5.6158046
9.9582045
9.6873861
9.3150695
8.3881706
7.3284851
7.571387
9.4534174
8.7868191
8.9028871
8.8715251
9.8552919
7.9104777
8.0015782
9.3856147
5.5006268
9.6482449
6.2959267
9.4394596
9.3566936
2.7589155
9.3190196
6.8979602
9.5294876
8.1356381
8.3941961
8.984574
3.6832936
9.0013743
9.7340277
8.9470345
3.2885682
9.6538158
7.9999088
9.1618252
8.3062312
7.8751674
9.6011164
3.2858629
9.1227104
9.8634626
9.7180698
5.6324167
3.8561532
6.1882566
5.0166132
9.8202071
9.0727973
9.877849
9.9509101
5.2689928
5.2322769
9.9383603
9.926275
9.4216691
9.7969285
9.0241746
9.514739
8.586384
5.4985235
9.9871798
3.0772767
7.4601039
9.331818
7.3339829
8.7713093
7.5848294
6.8584093
5.6312236
9.0728838
9.7647061
6.411363
8.908015
8.9408779
3.6952156
9.5216956
7.8201122
3.5423738
9.9593193
9.4477152
9.3627425
8.2187715
7.7335002
6.2777677
3.7882782
9.515803
9.752265
8.2763095
8.9912955
7.5148834
8.4720525
9.4316061
8.6737733
8.6967653
9.4612188
9.7464688
7.2570359
6.0398424
8.9756999
8.0110715
6.4255255
8.2954895
8.9949698
7.467587
9.2864614
6.2177577
4.3873879
9.9722818
9.2517776
9.6236903
9.7225197
9.7660268
5.6713238
6.0685673
3.2133854
7.5423531
8.1100377
8.8543217
9.3326508
8.554541
6.3533428
4.8419303
9.4119694
7.7126052
4.0971921
8.6536332
9.2385656
8.6686333
4.2496904
1.9216838
9.7008799
5.6021136
9.9041121
9.6312404
4.9283777
9.8827883
6.2723764
8.515356
3.7490289
3.987868
9.3047993
8.8859729
9.5818195
5.6735815
8.3048282
6.4381085
5.3414854
8.9940121
9.1778148
9.5187175
3.2104528
8.966721
8.366254
4.7512075
2.8306728
6.9366157
8.1764469
6.6293912
8.2958211
9.7033508
6.2154116
7.7057336
2.7759471
8.3468569
1.7010747
6.1963323
8.777842
8.0347067
9.7595112
8.6807355
3.7116024
4.9589172
9.5049728
8.5940592
6.6251905
5.0752908
4.8644505
9.7073122
6.3098413
8.4045184
8.1684013
5.8243063
9.580427
8.0857122
6.7595227
9.7477734
8.4313451
3.9999674
9.8722123
2.7726482
8.3844659
9.896748
8.2949623
8.9670957
6.2896282
6.7849266
5.254525
3.9895548
3.472953
8.4583043
7.6320511
7.0444384
9.6106337
4.781311
9.0281535
8.0176034
9.3471506
9.56398
5.2382503
5.2864585
9.2269166
7.1239045
9.4227253
9.9366042
9.4307428
6.0643893
9.3722244
9.2021605
5.5896144
5.91589
8.1485614
6.9027241
9.7360218
7.547682
6.7598335
4.8723831
4.0804447
8.0212198
6.2926621
4.7225744
5.4193282
7.9824988
3.9264476
7.3176052
8.4453302
7.8470461
2.1978965
6.9520225
7.1230852
5.7130437
7.4776832
8.8588856
8.6817925
8.551156
7.0706385
9.578643
3.7154911
9.4421955
8.4850766
9.1935318
8.359239
9.710325
8.6889744
6.6191818
9.1059476
9.0320782
9.0556467
9.2796143
8.8799703
9.4099188
7.7705395
9.4033404
9.9023704
8.8730228
8.5083892
6.2081803
8.8640678
9.6363662
7.1687099
4.5048788
6.2242505
9.6228318
1.9457167
9.3692637
9.0654235
8.4412282
6.4588521
7.3165707
4.612467
6.1519405
9.1877847
9.4436288
4.3276745
8.4800425
9.853017
8.963975
5.7605885
4.7464805
2.7971519
7.6533769
7.1003981
9.6185386
4.0321311
8.5095653
5.701639
8.5698877
7.3972682
6.9778235
7.1839715
9.7193883
7.5792479
5.0988948
6.1163902
7.4951394
8.5674242
3.428192
6.5275941
9.8808103
4.2156218
7.8937843
5.8056849
9.0958618
9.9268494
6.7152483
7.4991686
8.0847558
7.5292626
9.8166818
8.2366869
8.5909173
9.7277097
6.6616988
3.8762164
3.8098163
9.3015999
9.5916808
6.5141543
6.5002983
3.6774468
7.9341836
8.8524821
5.7458193
6.5339955
8.9449889
5.3500213
9.8292305
5.1349063
5.9941634
8.7876087
8.4348556
8.0746448
8.5452738
9.6328254
4.8911759
3.3060352
6.770577
3.540507
5.6882854
6.7358376
9.5827004
6.6967196
9.5972147
4.3783602
9.5643473
7.6260108
8.5915075
6.455279
8.3238389
6.8666157
8.2253219
8.6316987
6.5761151
5.5944037
6.9879226
9.6013481
6.8825622
7.1113972
6.4288546
6.2270687
8.2180491
9.8567425
6.0710201
5.9983032
8.1492803
3.8216654
4.933073
9.716076
9.4114009
6.9676043
9.1958359
5.0464208
8.780398
7.6798771
7.5886605
3.9008602
7.7676586
5.8532987
4.275564
8.944922
9.6954255
8.1623666
8.4571147
3.0937443
2.2116131
7.9304888
4.1744835
7.6075992
6.8034874
4.7579873
5.8471011
7.735641
9.9393158
6.2917802
8.3302383
9.8504578
5.9858824
7.0508229
9.6417725
5.8214801
8.5695328
9.3449415
8.5395661
9.0335541
9.5816431
6.8479081
7.3723551
9.6297403
8.7123583
9.914287
9.6872842
7.4190768
8.3910891
2.8402474
8.6854202
6.5009437
8.3157008
5.2611924
3.6795325
7.9154386
5.2062062
5.2987937
5.4565369
9.2468935
9.2706393
5.6849001
9.462969
5.1794377
5.5595207
6.5502413
9.1558419
8.499942
7.3776759
2.8433922
9.915386
9.3286459
7.1631801
8.1542411
9.9400695
7.7331013
6.3268582
4.1623966
4.5339165
7.5148816
9.6117863
7.6285151
4.8361774
8.8868781
9.3241519
9.9978369
9.1291494
9.5190775
5.86512
7.4597191
9.5957049
8.4985765
7.9809297
9.1347969
6.7461779
9.622227
3.4950053
9.5276702
5.8681148
7.933772
6.6373695
7.6133653
9.3312894
7.8627774
9.5464763
6.8390162
9.4471911
5.1144892
3.552117
7.3196043
9.8137797
9.5687346
5.9511642
6.3629048
7.6503334
6.6569555
6.431127
9.0996476
9.4575002
8.2793943
9.9412342
9.6766354
9.0967837
6.1151508
9.2209897
8.7239946
8.573373
6.0465652
5.22422
5.545406
8.0763585
7.6137186
1.1531636
4.8282138
7.0082718
8.7197592
5.7988665
9.2786701
8.9912766
4.3385948
3.2456213
8.175818
7.2046969
9.4028668
4.5160866
4.9503935
4.3226261
8.1828028
7.0919854
4.5812953
9.0224315
7.85272
8.794568
9.7650427
5.9366731
9.7024735
9.3488213
9.2896012
8.5119177
8.2212564
8.3469149
7.5255356
9.3023796
8.987906
7.6368054
9.958322
7.3517057
7.2919197
7.3117396
6.2775359
5.4282268
9.7583146
9.4642396
5.2250538
7.0651563
8.2590765
8.6172098
8.5183423
6.8479558
8.2734188
5.1095922
0.3072711
8.8985693
6.269789
6.2698499
9.4655645
9.8784229
9.3822086
9.0542686
9.6002103
9.7747618
6.3313514
8.9542098
9.5514799
4.092043
9.8926988
9.906981
8.3083254
2.4505307
5.5644115
9.6970778
8.5823368
6.5871325
9.4226803
9.9710457
6.1403511
8.1573038
3.3031393
7.8254687
9.059649
2.7033096
7.5320298
8.1583385
9.2340537
8.4129163
3.0000308
9.077059
9.2945834
8.8195897
7.1158776
9.9940673
7.0152302
6.196555
9.98174
9.3780292
9.4488989
7.6519979
4.8332561
4.2037344
8.8818866
9.715689
4.6874476
3.0810126
7.3581002
7.1476663
5.7209358
4.9587302
8.7875945
6.3662165
6.5892142
4.9894437
6.8929513
6.0645394
8.4912795
9.6310116
7.265639
9.6903657
9.8716367
8.8886346
6.3000381
7.4048981
8.6006361
3.884942
8.8443009
8.8906577
7.655809
5.2394682
4.8687547
9.9459691
8.2737299
9.5124719
8.4554626
5.1922359
8.015395
8.6380618
7.3806057
8.8681546
9.8635623
8.9233436
9.1139618
7.28806
8.1834276
8.0718278
6.9860295
3.4814938
7.0504866
7.880491
2.8951942
8.5030054
9.7209262
9.647157
8.3103729
4.7072151
7.9389237
4.4854449
9.7918195
8.4788152
9.3471641
7.6758448
9.7292301
7.0971301
6.2983065
8.4498547
9.3602672
8.7296619
5.4664661
5.567936
8.1094064
8.2883378
8.8446846
9.9724628
9.0964005
8.6225912
1.9318524
5.822195
5.3776556
9.0995479
9.0475706
8.7082438
9.7179034
9.2576086
6.1487682
6.0615561
6.8669991
7.744169
5.7003781
8.567261
8.9047654
7.1252859
9.0218728
6.9640138
7.2873182
7.5913119
7.7959221
7.2192214
8.2445626
7.8995058
5.9571009
7.9045501
7.9615292
7.7189367
6.8491984
9.1908354
8.7245493
7.118143
9.1989533
8.5145331
8.0406887
9.9852234
7.6412943
8.7410531
9.5544723
4.6409679
7.1977574
5.4718644
9.0063662
4.7184393
7.9916414
5.2143407
9.6077835
7.045379
8.6233703
7.9302552
9.6392952
6.1268396
2.7221294
8.6471251
7.3171851
9.702535
8.4777534
5.4363894
7.7952788
7.3674806
7.7248514
7.2442685
9.0239648
8.2502857
5.275125
4.5824947
8.0022386
9.9096313
7.6109064
8.0746745
5.5219024
9.9507735
9.9447216
6.130255
9.523199
9.2282257
6.0337035
8.6614993
2.01716
4.5852597
6.4182302
5.1586273
7.0415551
9.069381
9.761212
6.505271
8.4154063
7.9687821
8.4973265
7.5327169
7.256968
9.9821386
8.2060066
3.3534355
8.4826689
7.0714648
8.9896039
8.1652971
4.8061814
9.514241
9.0845407
9.9464773
5.8319329
8.0999295
5.9516242
5.6828585
9.5419909
3.9993056
8.2217831
7.4639677
6.1438546
9.1568728
8.6107943
9.3391152
5.5923084
5.6097568
9.2213551
6.1038145
8.4415492
1.3271838
7.6607124
9.3140554
8.6585106
3.8672716
3.8293694
7.5912138
4.8376748
6.4197676
3.9048742
6.1077647
8.6669654
9.9656694
9.8529877
9.3064172
9.7836382
3.6324061
8.7321808
5.846258
6.2547845
8.3026767
7.9494602
8.5065274
7.7144434
6.7058328
9.7418288
9.2647656
8.9163902
6.995455
9.2289092
9.1066115
8.6981643
8.0138631
8.7492616
7.7055614
8.4176707
6.8832927
7.2678611
4.1755741
7.6417543
8.5026627
8.3340251
6.742544
6.861076
7.3804658
8.2779082
9.219542
9.2726428
5.9289298
9.7331432
6.9756346
6.9740575
9.8446769
8.5374724
7.909036
4.7489163
9.0857729
4.2087095
7.2976772
4.8310993
4.7105146
5.8953877
5.0654571
7.946925
3.38239
8.8460672
9.0121508
9.4396717
9.8975359
7.5854064
7.0236778
6.7092274
3.6289194
8.7426535
2.7965344
8.0730264
8.8640767
7.4128106
8.9716706
9.7919945
9.5227483
1.8488026
3.311475
4.9813356
6.6538671
6.4007145
6.4238973
8.5682144
9.9744419
3.1858894
9.4539825
9.0881736
9.0432922
9.5098687
8.5494386
7.1009147
6.3907415
9.0199391
7.0980591
8.3892822
5.673156
7.3493118
7.5273891
9.7938825
7.406848
5.5742396
6.1405925
9.2129
6.9051237
4.0825423
8.6101054
8.3606329
2.1307538
7.8437975
5.4535298
9.8470431
4.6814053
9.1634079
8.645681
9.1857404
8.0306243
8.1029427
5.1911962
7.939431
9.9599569
8.8074725
6.2610632
9.8598162
7.5184992
7.4963359
5.136971
5.5565286
7.7782209
8.3617416
8.2652771
7.8046837
7.7598686
9.8067935
7.4617174
7.832517
7.4143229
9.6015348
7.7548819
9.1676571
8.6987729
6.4433264
7.1133658
8.6535609
4.1285898
9.0937413
9.4189848
8.0769055
3.0948587
5.1158573
7.2178792
8.3659735
8.2345946
6.7469574
9.9497865
9.6665873
5.4749573
3.1246244
8.2032015
6.8223093
8.9801375
6.6170941
9.2235493
9.8969831
6.7497939
9.8270346
7.3436886
9.6531137
9.2774292
8.3358567
9.3727497
7.0185602
7.1509989
6.02698
9.975605
9.0110695
7.3647542
9.1353802
5.089713
7.4756763
8.2947832
8.7864622
8.7692496
8.6715846
5.0810398
4.9020609
2.8735438
9.9081343
9.8560369
7.7078957
7.4891757
8.28588
9.3199545
6.7300572
8.5456474
7.0259562
8.6676196
8.3089035
9.5157614
9.2973217
9.9383751
9.5738722
5.9943698
8.9907576
8.0331058
9.7301582
7.6008505
8.3471967
8.3737097
8.2359208
8.9237762
7.5495333
7.6887935
2.3487626
9.6936781
8.1846273
7.693741
6.6334531
1.1301374
7.2622606
8.4872431
6.4546416
9.4176063
7.6904124
8.5706264
9.1017645
6.0350301
7.6298361
9.2994341
3.9106743
8.5244307
5.7106544
5.6172695
9.433215
9.1288231
4.1119301
6.070501
9.4939966
7.3723095
8.8211901
8.7554672
8.0234829
7.0788017
4.8240349
5.4907634
6.4470434
7.1181296
9.2228676
7.3037445
4.3978566
2.4141013
6.1919458
9.6997663
8.4394321
9.3891569
3.5634129
8.7618446
9.8222323
4.6556998
6.6656676
5.728628
7.5310625
9.9288975
3.4937752
6.4417954
8.1976362
7.8822747
9.6281695
9.2088653
7.7216238
6.7300697
8.7970257
3.7450162
7.952961
9.6101814
9.5431082
7.5154356
7.0904317
9.2238284
8.5754402
8.1745164
9.8398832
6.5278524
7.890218
7.5226411
6.5735603
6.9285247
3.3943492
8.3625983
6.7137597
9.0947343
7.0327232
5.3597275
8.5791044
4.5297415
9.9314199
7.8205558
7.5102513
8.0227676
7.6535545
8.6276926
6.639304
7.4704059
8.9356208
7.3520308
6.4911816
5.9569025
6.0828493
9.2355875
7.7309962
9.811244
9.0473475
7.8492347
8.0973053
7.9561009
9.6709255
9.0526534
7.9660969
9.3313773
6.9041243
8.7819783
9.0341555
7.1590579
9.5506528
9.1348947
8.9421142
8.2053908
7.9605768
8.1514956
9.8607286
8.4700918
8.6734629
5.3371328
8.4129097
5.0718129
7.7626124
9.5890268
8.2605759
6.9081559
6.7562109
9.9572318
5.7982305
7.9518524
7.4361452
8.8242527
9.7112912
9.4993076
8.4747209
9.8450144
2.2453997
8.8483534
9.4337584
5.4610402
9.6250209
9.2455047
6.6107878
8.1498198
6.6034119
5.5576489
9.8328623
9.7378784
6.7875928
8.3577393
9.3139096
7.8615679
6.8926071
7.6023894
5.7846208
9.2020754
7.5605469
8.1756867
4.5335789
9.2582325
9.161424
6.7856244
8.8641078
5.1951928
8.3128306
8.8640408
2.4755933
7.7405301
4.1616872
5.9882244
9.9934322
4.8296294
7.3975667
9.434265
8.967272
9.999447
5.6005191
9.5212796
4.5560916
7.324737
8.1563986
7.3662287
7.7984039
5.1027051
8.1771243
8.2489837
9.0000308
3.9267
8.3540322
9.021287
6.5718695
3.956977
7.0069842
2.4139121
8.4159338
9.3559009
7.3769788
7.0078217
3.4042624
7.0099409
8.3685203
6.8313323
5.7225959
3.450681
9.348549
3.7786088
9.3624548
7.5097263
6.0748392
7.9858107
3.5685808
9.7883641
4.2072162
8.8345186
6.489972
6.3303178
7.2974175
6.5569891
9.4995847
6.9280314
6.8205237
5.7670978
7.150536
7.7982004
6.2850667
6.9864198
9.2287076
8.9301915
7.8884157
9.2140609
8.6430614
5.4733588
8.8659503
8.6451013
9.4656437
8.9557901
6.5573842
9.2699495
7.368844
8.3686056
8.4624787
6.7020907
9.7385569
9.4325232
5.4594148
5.531609
9.1010578
8.0567153
3.7989304
9.1480431
8.8806858
1.3851506
5.7231757
9.4357464
5.8095906
9.8601214
7.9746268
6.813298
7.64738
5.7007889
9.5071328
9.8025161
8.4937883
9.0299017
4.8396518
7.6244191
8.4710265
8.1933756
7.416314
7.3984738
8.7631394
9.7255237
8.2265576
8.1389111
4.4331721
7.0974596
5.3341376
9.9273306
9.4908291
9.277246
8.6789884
5.0847519
8.4350611
8.2147638
8.4779346
4.111141
9.2986461
8.5337734
7.9903209
9.5754521
7.8465087
8.1911199
8.7709485
7.002731
4.6412999
7.2663864
9.661351
9.1506216
9.822327
8.4589855
8.0841485
8.5497589
7.2300066
6.1903774
9.9075224
8.3134682
9.5878705
8.0011504
3.7188501
6.6479562
9.7304626
7.1601754
9.1714522
6.7055992
7.3042885
8.7565256
9.7414
4.1278751
9.9273481
4.2741327
8.2165079
7.6831053
4.8157527
6.0967555
9.7248376
6.1705954
6.6907802
9.4100251
7.5140479
9.7825048
6.1582356
9.8832277
9.886906
7.083283
7.8532354
9.3147038
9.4258249
5.9744204
7.7703791
8.5885893
7.4560109
6.6586368
9.204523
3.9718346
5.1292694
9.50901
7.5757465
9.2265479
4.9642484
9.7540107
7.3133003
7.9658671
2.5470839
4.0952828
6.9036993
5.4418946
8.9959864
8.420793
8.4725586
7.5363851
6.8671459
9.778361
9.3230146
4.906547
9.3206565
7.4118022
9.9843409
4.1462906
8.5845475
4.2846091
1.8417809
8.6213046
9.8663381
7.0495272
7.0873567
7.6565913
9.9596471
8.8572824
8.7162118
9.9823088
6.6050858
9.2103465
1.9044877
7.1341478
9.4224842
3.1567547
7.4436216
5.7785301
5.9187068
5.9988319
8.2213275
7.3011157
9.6483325
7.5391697
7.3262381
7.4231722
9.4719795
9.4683231
6.1119579
9.6998377
8.8517181
7.517033
8.6714185
9.2040612
7.7450128
4.9538193
8.6429051
7.2068685
8.9043
9.9919651
8.4343203
3.307681
5.9563872
3.6703721
8.3836144
5.2059414
7.6217062
7.2406654
8.713132
8.4511351
8.2744967
9.5620368
4.2375332
9.7936044
7.2237104
9.2940598
5.9432954
9.747705
9.2217465
7.9569058
8.2900947
6.4782417
5.6441301
7.2075716
7.1170471
6.9934612
9.3084999
8.9925725
8.0589132
4.7857287
8.0374424
6.6551142
5.9147622
9.6760748
8.3118744
9.663185
7.6347813
9.2726722
9.3606303
3.1667015
7.4849335
7.851879
1.4158785
5.7612694
9.6278856
6.2490055
8.1135127
9.5162898
5.6676064
9.1958157
9.376319
7.9330478
7.5716099
8.1748282
7.9941412
7.1425831
6.7313303
8.9173689
8.7012824
5.5722659
7.5311763
6.9584064
6.7853906
4.0043928
4.9723358
6.2911406
8.8421775
6.4917032
6.8561062
9.6112968
4.3094118
8.2879421
6.6102527
8.5548896
5.2413974
7.213694
7.6586937
9.6371975
7.7434844
3.3650477
8.6728948
9.9153639
5.6667199
8.8010374
4.0887587
7.9709876
5.9529102
5.3249065
8.5534122
8.383277
6.502902
7.9330427
7.8076533
5.4258544
5.3101408
1.9316222
7.7268137
9.2983715
9.183778
9.4799574
8.9998898
9.09975
2.1022682
5.9344103
8.4512662
9.3705682
8.2261274
9.0199542
8.6380144
9.421154
7.9471596
8.6539224
7.7154812
8.0059388
7.8459427
7.5309841
5.6886393
7.8758822
4.8422286
7.6802872
8.7804366
9.4980324
9.197
7.4794577
6.5102166
5.1119303
9.8357455
6.932919
8.677865
5.2123126
9.2832647
4.0369838
9.3121245
8.8322566
9.5540171
8.2583342
5.3277343
3.5894721
6.806306
7.1010485
7.0068884
9.456529
6.8379622
9.5219673
9.8811065
8.282243
5.9278085
7.2227079
7.5771556
8.4617916
9.5811559
8.2864565
8.1660427
4.7523394
7.5548895
4.0533714
4.9168738
6.8495076
6.1075972
5.4161987
9.8750616
9.5705719
9.4421247
9.9834608
6.8335274
7.1399287
7.3735779
5.2022226
7.6200292
8.604568
7.0443345
9.9965194
9.2433019
6.2156281
5.3002331
7.1861975
6.4494841
7.3635281
4.816832
7.6217644
9.5112084
2.9796036
8.1234455
8.9227834
9.1950252
4.2407633
8.1751306
8.9058237
6.8133091
9.9669916
9.7842491
7.0563747
4.4604775
6.8036625
6.7718055
6.8318639
6.6651641
8.1178674
4.9578136
8.9901443
9.9619931
9.6723097
5.178398
9.5614437
6.7568552
8.7382492
6.4327927
7.6573963
6.8491267
6.7215268
3.32261
6.1968878
8.4562659
7.6803161
5.2530519
3.7056877
9.3197637
9.7604564
9.0484958
6.66118
9.5661629
7.9002775
5.7341038
3.4964753
7.056887
4.4483221
9.208452
7.1447698
8.8509496
2.271776
7.6990644
6.9201122
9.3500479
8.0594556
9.0005348
8.2107422
5.7008298
7.2894693
8.4552498
7.0424725
7.7106272
8.684619
2.2259972
5.6395109
7.1604231
5.9010501
9.094231
7.9114416
7.5504258
7.0850108
9.5750896
7.4817752
9.5394426
8.5685111
7.8217257
9.9517043
8.0202905
4.7692822
9.857015
8.2822271
9.3205972
8.6246199
7.7801654
6.8447971
7.5987934
2.7419883
9.3922387
9.3887956
8.4334862
3.6210914
9.9851257
7.7039051
7.5973749
8.6922746
9.2799104
9.7476273
8.6731958
6.317613
9.0356301
6.6244788
7.8015951
9.3907223
7.1200464
9.1292105
8.3503836
9.9007248
9.6780095
8.2709343
8.2436281
7.6805872
9.1805377
9.7885487
2.0354671
5.7680907
6.2956548
6.9791795
8.382077
8.4708154
7.3607703
7.6002721
7.2141788
9.7795656
6.2647897
2.8453649
2.9566663
9.8855286
8.4532766
9.8826779
8.123941
9.0398368
4.3247507
6.002112
4.1905376
5.9148028
7.3734378
9.7184063
5.6905933
9.55975
7.4157139
8.8264076
9.4543663
9.763271
9.9052386
7.8912805
9.6269944
2.4089034
8.2191512
5.762895
6.4697898
8.0810711
4.0368574
8.9516572
6.1572344
9.0088977
7.3486737
5.3807499
5.4650255
7.0698281
8.8985987
8.0563917
8.9434533
1.8746878
5.3529583
4.7016155
8.1091295
9.364698
9.1003403
8.1878562
7.0089341
5.6585713
6.3895471
6.1828138
6.7407057
9.7548225
7.3613565
6.2785747
7.6771787
9.1401744
9.0134808
8.3442415
2.6452868
6.5707469
3.251579
9.5344321
9.6099417
7.8539984
8.6578577
8.5284906
5.1868604
7.3755153
2.8103871
7.0256766
9.1606712
8.5807515
9.3649231
9.0147808
6.8022462
9.0805109
9.2093428
7.5281224
7.1944167
8.8552976
8.5580527
8.8444866
7.3202929
6.1172103
9.2003978
5.254977
9.5742012
9.4144925
8.8475718
9.3992128
9.1173945
9.7185485
6.6490328
9.5567344
7.5892527
7.7279813
8.7569143
9.9926141
7.0567262
9.2380757
7.9244719
8.1094661
6.5644966
6.7984738
6.8452171
9.0244962
9.8684254
8.5167904
7.5651321
5.1347593
7.5745351
8.0207876
6.1912071
7.0537686
7.8031426
9.7846815
4.3038544
8.546042
8.8876412
7.2825882
8.901383
6.638443
9.0194999
8.7427149
8.1075284
9.3578281
7.9210852
9.3501404
8.6401398
2.8439302
7.5994864
8.6547549
6.9296407
9.0052535
8.350854
8.8667541
7.4323623
8.8301311
9.3601984
7.3036657
7.5620285
5.4620778
6.4418812
7.3185227
6.6927583
2.528148
5.454428
8.2120531
9.3231163
6.4640782
8.2735851
8.1527742
9.1357533
2.5629352
7.9891993
8.2664015
5.8335175
5.747687
8.8659166
8.8361521
9.2880446
6.9185608
8.8627017
6.3850902
9.0115456
8.4801761
2.4516384
6.7292101
9.6001178
4.8636144
8.4322648
8.8729088
7.5845687
8.8265522
7.1094094
9.3324558
3.0158683
1.9579123
9.4905944
4.2759703
9.3006124
9.9314963
9.2610436
8.3982925
8.4641468
9.9062668
7.2135556
6.9953356
9.7837492
5.7280218
7.7695213
9.6019862
9.3009526
7.9572105
8.0509675
9.2447187
9.2479982
4.4662581
6.1070939
4.9759333
6.5136859
9.0962796
5.1241432
9.4529232
5.4433534
8.1425053
9.680655
9.6394671
8.4190921
9.370289
7.453463
7.7931224
1.4696786
8.4367423
9.4590442
9.8976775
9.958805
9.0439466
5.3405326
7.8197573
6.5796694
7.8513119
3.4408802
9.7837012
5.213657
7.0974177
6.5448157
6.9949971
8.44171
7.856857
8.6822573
5.1285369
4.3931485
9.3855972
4.923086
8.4587262
8.9370007
9.7391449
6.500586
8.1643691
6.3592202
7.1078825
3.9066568
6.4053287
7.1050918
8.0257976
9.4767295
8.6163574
9.1222478
5.3294535
9.3957411
8.3870946
8.9118249
8.364536
9.9439288
0.95304582
9.9505746
7.1032048
9.2313151
7.5644967
7.8531257
7.8185654
5.5140929
7.8635257
5.3670672
7.1936224
6.8485076
8.21116
5.8484736
8.9289122
9.8339465
8.8303529
4.1064523
5.7546584
9.6732377
6.6273951
9.4668464
7.0656776
8.0949722
8.0137439
8.9980466
8.9235686
7.3930396
5.2443926
5.824634
7.0453057
9.8333601
9.2498907
5.4363517
4.5420569
9.0910194
7.5077565
6.5410517
8.8259568
5.2465774
8.1126745
7.3526966
6.2034823
7.903143
4.3231978
9.1331639
5.24648
9.5125707
6.1691315
9.5983815
9.9168378
7.8965429
7.9473388
8.8571358
9.497643
8.5919482
9.2317205
9.1851486
7.4547581
9.8681417
5.2811058
9.9472393
9.302767
8.9745876
6.1346915
9.6292729
6.8548915
8.7718451
9.5501148
9.2039607
8.566652
4.9102884
8.216595
7.0833321
8.616931
9.7289678
5.8313737
5.273661
7.4399745
4.4288691
8.0057194
5.5888413
9.5472546
4.6251634
5.2714334
7.6854561
9.8248894
9.1006215
8.3689307
8.5017983
7.3028348
4.5494966
8.7856827
2.7525984
8.3620381
8.0932899
9.2559903
8.8939572
9.8873768
5.6915171
5.8989549
7.5815408
6.0261207
7.9695533
3.9440478
9.6295576
9.7588385
9.4009615
7.4501656
3.0714971
9.5027067
7.8261046
3.9758807
3.3855521
8.820339
6.6269701
8.406079
9.559835
6.550358
9.6730878
7.2819434
9.0063078
8.0786967
9.4469491
6.215789
9.7661871
2.5203367
8.7672739
5.0647709
8.6694103
2.8453544
8.6145116
8.2566822
5.9024945
6.9263149
9.2533773
7.1438362
7.9847591
5.7435209
8.0423016
9.8184826
7.5347404
6.790146
4.9725387
7.1189296
9.8913941
8.5330419
9.701165
3.1133327
9.4474316
9.1231839
6.1952866
7.8225005
9.2908381
5.3530524
7.4448205
9.7221684
9.003729
9.1457521
7.8177566
3.0045785
7.9110483
4.9476844
7.1396754
9.1049343
6.0508245
9.1849869
4.716729
4.3465619
8.5458964
9.0412983
9.8079729
3.0335754
8.5907552
9.1368069
9.7024763
5.2007204
8.6785346
9.3501879
8.0036036
4.8102704
4.8232373
9.1036141
9.7323648
8.9058978
8.6794614
5.7663805
9.9663619
6.6421188
9.7837277
9.955009
7.3459062
9.2983762
9.8389916
3.0500948
5.3909799
6.8835782
4.1792502
6.3902493
7.5544386
4.7880418
9.2177753
8.2832105
9.5262771
9.6376312
7.9938359
8.805695
6.4221465
4.7864512
9.0646777
8.8584812
8.9870708
8.4739989
8.5126822
9.4217346
8.8021918
9.7218336
9.6193869
9.2545435
8.0191094
6.8954656
9.443195
5.9732087
9.3976232
7.8118837
8.9890859
5.9697584
8.1286943
8.4950159
8.7809293
4.8695631
4.0606217
9.3880066
9.192782
8.2989505
3.0529165
9.0596885
9.2196306
7.4938173
9.5821842
6.6269812
8.1221182
7.5611966
8.6884702
6.5613137
8.9208748
9.5128017
5.9290226
9.7560405
8.6908552
9.2743976
9.5454067
7.4527326
8.9336602
9.8281634
8.328889
6.0159175
8.8784606
7.7501816
9.8710043
9.3273491
9.7676775
9.1859083
9.3190553
4.2280593
6.1327298
9.841024
5.293957
7.59031
9.53032
8.7845967
5.5499673
8.9638712
8.0991805
5.5193518
4.405955
4.6376136
9.1016487
5.781158
9.58809
8.1578981
9.8220531
7.9270883
8.5842154
7.8683081
4.0866823
9.6789599
5.2984099
9.1573452
4.7551627
7.9771312
8.1234047
7.0895976
5.5652074
6.3065344
7.1800438
3.4670704
4.3666761
9.7487065
9.8517471
9.2343464
9.1503085
5.1996456
7.6708412
9.6888334
9.2903499
3.2162531
9.0317624
6.9003227
7.781773
8.8379191
6.9594081
9.1036393
7.4671539
7.8825085
9.5795707
8.6315387
7.8203168
6.8802878
9.114115
7.6842565
8.0216814
9.7574384
9.5552087
7.0826617
4.4577236
7.594781
5.0532403
9.8854284
7.3053086
7.1891266
5.78696
4.4601444
5.5212009
7.6484861
5.1287399
8.2092533
8.4688767
4.5384299
9.2681733
6.5714394
7.1961678
8.0081676
9.5377008
5.1620524
8.7744492
4.9826326
3.1290565
6.7581258
7.3899871
6.5116964
5.3260624
4.8913916
6.0166358
9.4309342
6.6277818
7.9266916
9.7757415
8.2322479
9.3282887
8.6258084
9.2643952
5.2775092
8.5213295
5.5622245
5.3072348
8.0750188
8.9903139
7.9604496
6.335709
4.0525697
8.0470544
9.6232357
8.024443
9.9992774
6.090301
9.5822263
8.3076098
3.5422257
7.616183
8.8975013
9.6176637
7.423955
8.1693017
9.6409773
1.0360843
8.0377817
8.3558398
8.0766732
6.8825194
8.6172469
5.8716039
9.3367044
9.9288382
6.4198571
4.8779114
9.6744059
2.4679844
5.3406628
6.9369108
9.2775571
9.6831274
8.9619295
8.5834577
6.2734992
9.3151584
4.5933093
3.6822184
6.8937508
6.4857888
6.5286481
9.0523182
3.9044869
9.9856336
4.8032536
9.629917
9.9674506
9.8832842
7.6793635
0.67363902
7.9588754
9.2227876
9.1364783
9.736374
4.8642342
3.4468225
7.6738678
8.6162754
8.269709
9.9674846
8.6564219
9.8387163
6.8167597
9.3760426
9.6722557
8.7190288
5.4411355
5.7048412
6.4429395
8.1524979
7.3508764
9.3300816
8.240893
9.2391677
6.5740002
6.3463589
8.1553277
9.6077321
5.8261738
7.6312721
5.4514343
9.9408952
8.7247169
9.0406263
2.3946906
6.5574456
7.5779067
9.2395524
9.1166246
7.0412395
9.4093138
8.810869
8.1094975
8.6954139
7.9983818
7.2318548
9.3591061
8.9785052
9.0118752
8.6621252
8.0842635
4.3902947
8.7376114
9.1099764
6.7983179
9.3173725
8.6666316
8.2912792
7.2290037
9.2039347
4.060957
5.125103
3.1921061
7.6708436
8.8419669
8.2634331
9.9863023
9.8274425
8.918562
8.8688062
5.913556
4.830664
9.3145319
7.4032284
9.6986098
3.6396922
9.9728086
8.9137446
6.8601188
9.9738172
5.0271743
9.1599557
7.5562198
6.7401467
6.8523502
4.7688336
9.2750683
2.8808817
7.4025058
5.8915327
8.5681265
3.5694212
4.0284195
8.8270251
7.4598177
9.3152702
9.1586001
8.921345
6.9884317
8.2046694
9.6311432
9.6243069
6.6984842
9.7925042
9.054164
7.8850504
3.7573776
8.481912
8.9002298
7.2645787
9.6779881
8.1117232
8.9455856
8.6756173
7.6964799
4.878638
8.5314555
7.4907591
5.2339026
4.7870905
3.2757443
8.331961
7.2302267
4.8676949
9.6415327
9.8134852
7.4630775
4.0665426
9.1099246
8.6731756
4.6400284
8.5108587
8.6856603
9.7934274
7.2447765
6.181415
4.8604952
6.8095641
8.7691676
8.6290202
2.2865702
9.2088805
9.6856904
8.8351395
9.4974296
9.3974157
8.9422656
8.3842236
5.183296
6.2851144
7.3818114
3.6220341
4.4658973
9.3984707
7.4087791
4.3709674
8.9502972
6.1620536
3.7696322
7.4036565
5.3931912
9.0721378
8.8210637
8.4548617
7.6348838
3.7740697
4.9058075
7.3628587
9.6160047
8.054246
8.0913842
7.5046609
8.5425414
9.9847984
8.1693416
5.9192715
9.2681032
2.6115789
8.1150988
9.6617329
9.4168591
4.7083966
6.829194
8.8838881
8.4875093
9.2932486
6.4701843
9.0647272
8.6937708
8.4871167
4.8219386
8.2563251
9.4173753
8.8068868
8.8432534
4.1455701
8.9869191
8.4126823
4.8880178
9.6046679
7.8290501
9.8271049
6.5685211
9.9380089
2.346089
7.2512582
5.6372041
7.6175995
9.3174128
9.5474818
9.4299958
9.8493143
3.5807596
9.1798719
4.3265798
9.2822982
4.8556143
9.6083814
9.7245536
9.6784979
8.8482756
7.7888283
4.901124
7.5098414
7.3808456
8.6901286
9.9756051
8.520857
6.3495023
7.4620022
9.3738423
6.5575764
9.8566224
8.930304
9.3874489
8.2636281
8.5608494
9.5730544
8.492469
3.5396638
9.1274483
6.2603673
9.0811129
7.498734
9.9815494
9.3295752
8.9118652
8.7519894
7.8981824
9.3524257
9.7622378
9.7144712
9.9444486
4.3734965
8.835327
6.4550928
8.6989199
8.0893092
7.2170336
2.2138086
5.7847107
7.0755278
9.1299475
5.9958935
9.1323725
8.1298377
6.4672775
1.8657924
6.0371601
5.4564608
7.5199456
7.8999783
9.4402761
7.278404
5.636565
6.1899862
6.6238321
8.5433248
7.6137956
7.8379781
8.2629811
5.4897554
8.1199245
5.5849422
5.7328359
4.9276003
7.6502766
5.5860289
9.8438623
7.1686117
9.3668968
8.9908997
9.0970709
6.9584768
7.914122
9.8554616
4.4714293
7.5312205
9.3590033
4.8450817
8.17419
8.9302482
7.699597
9.519799
9.5816156
4.5451296
9.0967261
7.1809393
7.4466456
9.6679921
9.2495736
7.8003205
9.6377842
7.5362586
6.7763924
6.8140162
8.681543
3.623753
6.7741443
6.8259399
8.304062
8.9537652
7.5363391
8.6939627
6.7962408
7.8667765
5.8049601
8.6520578
7.0866814
9.384474
9.7482541
8.1892908
9.4459057
9.2075717
2.4460401
9.3533022
9.4713735
9.8918092
9.5626321
4.1308235
9.7240751
9.1088592
4.9243307
4.2147454
9.6093252
9.8887032
7.7780719
5.1030174
9.0874385
6.515311
8.9457711
7.5679997
9.6792228
7.3895342
9.7985725
9.8280327
8.4016473
4.3903862
3.8707141
6.9679464
9.6266833
9.4811595
7.9841211
5.79814
6.8406025
7.7095056
6.32905
7.5723577
7.9439786
3.4573473
8.6742358
6.1027258
8.1246424
8.0047421
7.2640683
9.3911343
5.9566657
9.6595317
6.7617042
3.0725064
6.6773603
8.6474507
9.7574062
8.1778219
7.1973145
9.6072014
5.68725
7.7463967
7.689745
9.1474466
2.2454974
6.9932581
6.1058285
4.61455
4.3345297
8.4571563
9.6715635
7.6956027
8.047444
8.298559
4.8635166
3.7868257
6.8867473
9.8692524
9.3250057
7.5645167
7.3263851
9.1346871
9.5842563
7.1117285
9.5860824
9.7214299
9.6445568
8.1159028
4.6332409
5.1050283
8.2081079
6.940153
8.851332
6.5727823
8.4201162
4.4727631
9.6551417
8.1930673
9.4960098
5.3981075
5.4344391
4.3886889
7.8665021
8.2688962
6.1769271
9.1571436
8.6244266
8.8633721
7.3923213
6.8913511
9.1367466
9.6957365
9.8988742
9.4926996
7.9759293
9.0877546
7.5196344
7.1427458
6.3898869
2.6068518
5.8473093
8.9550405
8.3872183
8.3871781
9.8952675
9.5815606
9.0866793
7.7993082
8.8291966
7.9039115
7.3810538
9.3527255
7.3250513
4.4294618
9.9926982
8.9508217
5.7072075
3.4787352
9.6966974
7.3137288
8.3482191
8.817215
2.9425365
4.921224
8.1977741
8.5158378
5.6609803
7.5682994
4.8358817
8.4273396
7.9022019
7.9532209
8.8860364
6.508669
5.2305149
9.4681411
8.7206243
4.006506
8.1346439
8.4990088
3.73341
9.5222222
6.4483839
9.9606047
6.9095933
9.3345023
4.0571911
9.8795052
7.7889019
7.3620374
9.0284178
6.4908144
7.5937145
6.7006638
9.6949306
7.1576327
9.7050926
8.7447644
7.2603803
7.7372754
6.8075881
9.1417621
9.7110052
7.0609192
9.8426893
7.9548903
5.7148843
5.5348834
8.5104843
9.1830482
9.4645655
5.1665358
7.548223
7.2974447
8.0376087
9.3357489
6.6807613
7.1729115
7.6857311
9.6301959
8.0275661
9.5801356
5.8401725
8.9394941
6.6043362
7.5714999
7.449575
8.7718908
9.0646183
5.8219436
8.2361189
9.0378706
2.2283828
8.5788379
7.1016811
7.1973986
8.4550581
9.8134616
9.4389461
8.6493407
8.6318895
5.9585953
5.6421331
6.3311465
6.6799651
9.1965429
9.1628272
7.0315243
8.6379191
7.4928504
9.9400971
8.7924774
9.4496359
8.5727314
9.5447196
8.34095
9.399983
7.8587452
5.7510538
7.1878337
8.4011331
9.7359541
7.6867333
2.9349559
3.9332499
8.6003994
8.4147183
9.9907489
8.6081924
7.7862689
9.3621055
9.4188792
7.2377923
8.5318799
7.3057947
4.4224709
6.9043749
5.6085351
6.8996244
7.4796353
9.0563164
1.4838968
5.6541694
9.4639867
7.4585967
8.9337362
7.3984458
7.8747409
7.1943317
9.4303603
8.5411628
9.6620452
5.7542393
6.298793
6.6254137
9.906679
7.386136
6.7389043
7.6945265
9.413599
6.3080584
8.8147131
9.4375499
6.7515433
2.2992346
7.7113059
9.5474767
6.4524786
7.2553413
5.776764
7.0730532
8.0263838
5.9568938
2.2103072
9.4276741
9.2200219
7.6575801
9.7643556
7.8995594
6.5972352
7.6724054
6.5463883
6.6775574
7.2421995
1.1366023
9.6625034
5.4839428
7.3752556
6.7471872
8.4141767
5.8146965
8.2271894
8.3451473
4.6952218
8.987757
5.7698498
8.4533219
6.7786413
9.0149227
8.8699102
8.0049683
6.1207989
9.090088
9.6780504
7.2691866
6.9221822
6.4107167
7.8635341
9.8346936
4.7900362
6.6473611
9.9089813
6.3290762
6.5913167
8.1434238
5.9205515
4.5534202
9.9972021
7.9271549
7.5751226
8.452901
3.5060424
7.9058281
8.8218076
9.5639546
6.9243035
9.0519048
5.2931292
5.9298135
2.9057595
8.2930907
6.5931782
8.8150652
8.0686414
8.9477311
8.2502166
6.8047241
9.410685
9.81236
9.2247563
7.6742105
9.4209607
5.1958093
4.6627346
9.1163582
9.2639802
3.6370393
5.817378
9.12971
8.6222184
6.2434387
6.919129
7.740848
7.9995683
2.9633423
9.0350528
5.9118184
4.0592904
4.8051545
5.6155041
7.9772561
8.5573627
4.1978246
7.0199484
9.1301722
6.5691294
6.9685102
4.4630523
6.2751773
5.9038643
8.9592644
9.5506101
6.1245431
8.4145652
9.6746248
5.2609669
4.0745045
8.6589864
9.6405086
9.1525372
9.3542234
6.547624
6.7096923
9.4884024
6.1464207
1.0548306
5.6589026
4.8696581
8.7174336
8.9727451
9.9531373
9.2091205
7.8867859
4.5820977
9.7856965
8.5994519
8.3335659
6.2435868
5.3040008
7.5526562
7.868017
9.6424695
9.8933888
6.3061072
7.7701542
8.5548958
6.4250538
8.2899332
5.0231059
2.5594929
8.7922959
8.8198456
9.7498564
4.3829873
5.8420064
9.7632598
9.3330035
4.435733
9.187642
8.3017602
9.9759691
9.3097134
7.00892
0.98084658
6.0946131
9.5045363
5.7225383
5.3276704
4.657027
7.6888843
4.5953789
2.7705136
2.6674401
5.0320749
7.8807296
8.9834454
8.8448984
9.4338412
7.4509548
6.2499444
9.2961375
6.7100954
8.6977607
8.5236839
5.7813885
8.5108999
8.6304041
8.5995318
8.9958605
8.5620395
9.1485688
3.9379805
9.3724063
7.4045768
7.9476046
7.4396714
8.8629326
6.8050273
6.0224634
6.0700372
8.3764462
7.642903
2.127591
9.5697281
8.8485344
9.607459
9.8250444
6.1872922
5.0659325
8.3903148
8.2404311
7.6871839
6.0676075
6.5834751
5.0937105
8.4314574
7.1180349
9.2489669
4.9095406
8.3354411
9.4559751
8.1430529
5.3195112
5.795945
6.4119714
7.5468098
6.1885538
3.3939305
7.4220108
4.8248279
3.848783
9.3597118
8.7575957
8.7867485
5.1646947
9.8220456
9.5011609
5.6157953
8.3338251
8.7561078
5.6382865
7.779279
4.1911314
4.9294927
7.9042924
6.928706
8.2943097
6.4756
7.8577859
9.5837886
8.046475
8.0357996
9.3476339
2.9370066
9.3596494
8.4957636
6.4199057
9.8386622
8.2239499
8.1143089
4.5463964
6.2225983
4.293928
8.4404602
9.6502335
4.2297549
6.9966405
9.2839998
7.9069168
7.5038196
9.098681
8.8413358
9.7199253
5.1067637
9.8395455
2.6582998
8.7099097
6.6140122
6.0638514
9.1385087
6.7803915
7.8930271
8.1308214
7.3760591
9.6851232
5.6583899
7.6895185
9.6163955
7.8324188
9.5342852
8.0663719
8.6016589
6.7839405
2.6777622
9.5567618
8.7144942
7.4910837
7.6500685
9.7568451
6.8161448
7.0111737
9.9703423
8.6048356
8.9657505
5.8123349
9.798141
7.1690172
7.7568405
6.2001494
7.3541662
7.876292
8.7350412
9.0654345
6.3127254
6.920743
2.2802562
9.4735626
4.107276
4.9921681
6.8239667
7.2913811
8.3267094
5.1461801
4.7293465
4.8496807
7.5033994
8.5818412
7.5188236
9.5202594
7.9637471
6.7539724
2.5218985
6.1023046
7.1689153
8.034542
9.4230401
9.2066457
6.6138922
8.5526474
8.4017083
2.264591
9.5350441
9.5905774
6.7851349
5.9424596
6.3598602
7.0877189
8.07232
6.243537
9.6409395
9.3467655
9.4676095
9.9418654
8.4872229
9.9767197
9.0854576
7.4631673
6.89758
5.8091802
8.1061548
9.7674007
9.6113536
1.5715574
7.0704645
9.4175893
9.4567794
7.2021584
9.5227911
9.8658098
8.4881249
5.515778
9.3012607
6.882751
6.9782879
9.0359078
9.7804564
3.214032
9.7703078
6.8454827
9.1082125
5.2500745
5.0675512
7.5523148
1.2390983
9.5520883
5.5592731
8.1444176
4.9761429
8.0289057
7.4383489
9.0304133
8.3269851
8.8554026
7.1879078
8.0812408
9.2051406
2.1482754
7.956959
9.3306691
9.1442126
7.4562155
4.636586
6.9437877
9.8194063
4.0208533
3.2169982
8.9239922
8.6862563
8.5939734
9.8322931
9.6927801
5.5211306
9.9184649
6.3325204
6.9136609
9.4455425
9.0573063
2.4803609
9.9571235
9.5434035
8.4197187
8.5757607
8.9257864
3.4201777
9.9088944
8.9757041
4.7255989
9.8071189
8.7979222
6.5407313
6.7765175
5.5807392
8.7939813
6.5544714
5.57802
8.3266418
7.7536452
5.1002677
9.5316576
8.0690894
7.8057894
6.9013684
5.4850052
5.9237608
5.5705555
8.8327239
1.5917839
8.4306211
4.0303857
5.6689604
6.0241025
2.1726639
9.4132661
6.9251661
8.8261332
9.4084462
2.8504324
9.1894911
4.0554046
7.753423
5.0065656
7.3766758
7.1927047
9.692786
9.227374
9.7146951
8.8666217
8.6431575
9.0630142
9.6274359
8.985112
5.9767754
5.0981094
1.6149675
8.5357608
2.8917575
7.5172059
5.803571
5.0036182
3.578967
8.6532373
9.2099914
9.1071139
7.2923364
7.6500424
9.3965502
7.3773678
5.3478067
8.2133723
9.8112283
4.5894867
7.2237575
9.9746725
9.2867303
9.4885965
9.4968
7.3214003
8.3116111
9.1335013
7.9821122
9.3788995
9.9663276
3.0847797
4.1858503
9.5395736
8.4814267
8.8471366
7.7628205
7.6458502
9.5359309
9.7205956
5.2551494
7.576082
6.3931408
4.695949
3.5985489
5.3848541
3.0097398
8.0483018
8.1190276
9.9481984
9.414519
7.6831689
9.8101725
5.938274
9.299246
3.3613385
8.4079433
4.744948
7.7220585
7.0159786
6.1524027
7.2987143
4.1378269
9.5908826
9.7323452
8.5614914
8.0699364
8.6741274
9.4802174
6.8539392
9.4876835
9.0704992
2.8427513
7.9856835
9.4835778
9.6321428
4.3119293
6.2930303
6.7094801
9.8679621
8.992874
5.3067685
6.0960328
6.9255688
9.4975026
9.4359575
8.6038113
8.1215615
9.188349
9.9777661
7.6275595
3.9714801
5.4822456
9.3896344
6.492829
7.3965848
9.7388729
8.8703415
9.4309366
7.5719587
9.6634104
9.1197383
8.1515739
5.2232628
8.1080787
5.8562755
9.8507177
8.7902488
8.613874
7.7000083
9.3292118
9.7256116
3.1713512
6.2853223
9.1484171
9.5526076
4.3803148
4.7497791
8.6159641
7.736662
9.4835908
8.8756391
9.56829
9.9553767
5.5060014
3.5064433
6.7087714
8.9118993
7.5847947
8.4419942
7.7712117
9.5141473
5.3160025
8.1282513
8.6089045
6.5439281
8.7127006
6.3723836
9.661412
7.0917301
8.5356346
9.5044531
9.1782078
9.8355254
6.3733067
3.4151895
3.568697
9.7040424
9.1644169
9.2190228
5.8308275
9.208389
9.503824
9.5926269
9.1664273
5.6156149
8.8590993
9.2621039
9.6521467
8.6427031
9.1087631
9.7867018
3.307891
8.6447587
9.1307997
5.9289504
6.7415303
8.9980521
6.3483643
3.9291962
8.6028898
5.6296358
7.8318698
7.1460122
9.4215465
7.72932
9.4832442
4.5076876
7.3283217
6.3953124
9.9081444
6.9522168
6.5367071
9.0345688
8.0911001
7.9355683
5.8432903
9.9601915
9.8395544
9.2354178
4.9549433
6.5826018
6.5844801
8.870572
6.3811564
8.6496689
8.010141
6.7877104
8.6629959
6.8174509
8.3811061
8.085329
7.0722149
6.5733472
9.6735751
8.0792713
7.1650587
9.4191155
8.6257201
7.4222664
6.3953786
2.91519
6.7044312
8.9371267
8.7463051
4.8167576
8.3090928
6.0041477
7.5342831
7.7037346
7.294851
7.4033602
5.9815421
8.0310673
9.9925698
7.9836093
9.4343875
8.0868047
7.4515154
7.2328285
5.8450745
9.248714
8.660878
6.4329083
8.6520467
6.0748538
6.3815599
7.6409019
4.4633822
8.9433647
5.0182567
6.1714683
5.5355721
4.174867
7.9310739
3.7482285
9.4501764
7.1921755
9.208732
6.8470594
6.4181183
9.9398021
9.9983718
8.4077168
6.3017142
4.995661
9.6318365
6.846777
9.8635681
8.8875454
2.9343474
9.0158473
9.4321538
8.7296679
9.4560244
5.7923695
9.3260221
8.5462969
9.4466
8.9515581
9.2045769
9.3397246
8.4889609
8.9496546
5.9652778
8.2497219
9.6759379
6.464479
8.0219853
7.7510081
7.8942957
9.7293615
5.4687343
6.8213248
7.6650669
8.4625577
4.3436901
1.2751456
7.7850121
9.9486632
6.7338381
3.3384074
6.7020703
7.3477004
5.6400625
8.0272903
8.36262
3.6489367
9.6348302
9.7867586
9.6350189
8.562223
7.8624443
6.5112555
7.4932312
7.9297625
7.2308459
7.4561026
9.5604944
8.8392252
7.4619878
7.7784917
7.7217858
7.1060846
6.1325951
6.618955
7.6912884
8.5455742
2.057597
8.2674239
6.8886962
4.3069323
8.0123562
6.3779304
3.7967653
7.7357053
6.8935014
9.8880043
7.2991221
8.396779
6.4774152
6.7510495
8.6755687
9.4352222
3.7928707
3.9234207
5.633517
7.9943997
8.6860635
7.787044
6.4818984
4.5230333
4.3489565
7.1253645
4.4133357
9.0284426
8.7116125
9.1062377
7.0016432
5.8271547
5.2957823
6.2349168
5.5063566
6.6048165
3.4628206
6.6975265
7.4825451
6.0611563
9.1567864
8.4481338
8.9067534
6.6976713
7.51859
5.4543088
5.3529301
5.9700337
9.4943548
9.2854674
6.0646014
3.1272712
8.383813
7.8546319
7.5471135
9.6506206
8.1924132
9.7613751
7.4907095
7.5808099
8.4271053
9.1369591
9.2279406
8.1512952
9.7201229
6.5226594
9.5928761
8.57147
4.0281277
7.885179
4.3725166
4.6095946
5.7331862
8.6151319
7.9877631
7.3081116
9.4156015
9.8602025
9.5411233
7.6672854
2.1239301
6.3367517
9.1885532
1.1185337
9.1354998
7.1745486
8.7799467
8.4118663
3.1380497
9.2725329
8.9933218
8.7123216
7.1743245
9.9541306
8.2331343
8.9920852
3.9099889
7.0001911
3.7755129
9.7922021
9.904741
8.2118526
4.8570423
3.0810912
9.5117107
4.8940492
9.6032184
7.0220749
9.6371027
4.8977963
6.4914824
9.9730644
4.4701829
6.40008
9.3855745
8.5206165
6.914592
5.7312281
9.7403603
6.6549933
5.9007278
5.8288397
7.7517785
7.1485693
5.8070739
9.429203
8.8766327
9.3105645
6.5951218
8.2577308
9.2141934
7.0390837
6.9534558
6.8981075
3.2557779
4.4158116
8.8414473
5.3499844
4.5978803
9.7924164
2.8009092
7.5571641
8.321595
9.2228879
6.9997127
7.188245
6.5082304
6.7544008
9.5909398
6.9863826
7.8116966
5.4136746
9.4557864
5.3275528
9.0879163
9.1055178
9.0667146
2.774709
7.5801173
5.7276266
8.4906457
8.4239945
9.5459975
5.2448631
9.2478745
8.773109
8.8223222
5.0988092
5.3084591
7.4451772
9.2202512
3.2766244
8.747002
8.9949435
9.5600832
8.7006361
8.7966733
3.7040691
8.3552088
8.9772499
7.0425168
4.6353274
4.3418434
8.6094047
5.2358275
6.7917221
4.0251936
9.1243002
6.1104573
9.6854389
9.3675682
7.8524427
4.5536326
9.4618173
6.1888122
8.5969865
7.454018
1.8872592
6.3579243
8.8221187
3.4010707
5.2996818
8.6293081
3.9142099
8.112873
3.5609688
7.0157824
7.0134434
3.7803628
3.2480616
9.8236656
7.5269367
7.8291605
9.8430539
9.3042088
8.9255729
8.5442062
2.8446777
9.3109263
9.2735092
7.8442922
8.3959733
6.8221152
9.0670583
9.7044027
9.6513085
4.9794813
9.9119152
8.6301659
9.4773275
5.5113998
4.2374762
9.4622263
5.9692722
5.157059
2.7021417
5.4310947
4.139029
3.6630185
9.1804526
5.1945208
5.0716797
6.9301806
7.2297882
5.2663067
8.5521688
9.9852019
8.0746169
6.0736884
7.9929243
6.553753
8.6651825
8.1358343
5.7275205
4.5632246
8.5475528
5.7977182
8.4788552
4.9719494
6.5360364
6.5329342
4.1766659
5.9851258
8.5507145
8.0024142
6.7518663
7.2159071
9.4335139
4.7295699
9.8761741
8.6964651
9.8136783
7.1516777
8.585369
9.2815905
6.7242471
9.9831173
5.4062665
6.5460684
9.3832902
6.7495284
9.2262862
9.0291437
8.876667
9.8801794
9.9369918
8.7379575
2.3139098
9.6729186
8.2402264
9.8603007
6.06534
6.1874496
9.7545218
5.934761
9.7144229
9.0013218
3.8787525
9.9939654
9.3585234
5.4329137
7.0058424
6.9148255
5.1847275
9.8243874
9.5121407
7.8070815
4.3089857
8.1997558
6.882407
3.2513763
5.690999
9.9679833
8.9383452
7.8607571
8.9322232
8.6967316
9.5147496
5.4422787
8.5741202
7.8120856
7.3558027
8.6598681
6.4724117
8.9336111
4.8585192
7.9150803
9.6774229
6.9447116
7.7063852
8.1332429
9.8283423
5.0827818
5.7511687
8.6155018
8.2374497
9.9121313
4.4734476
5.5529618
9.3767718
9.8833774
8.5554209
7.1452093
9.9616671
8.4872826
7.0808308
6.0856042
2.4584393
6.2698551
7.8034345
7.0618956
9.5344507
9.9803749
9.8519963
4.3187883
6.9897956
7.7591989
9.9078414
9.1852541
8.2303069
7.4182046
9.9562055
9.2625048
6.8416393
7.2347598
4.8742613
5.0062716
8.6422516
8.7501095
4.7837239
9.9917137
9.2934895
8.8892916
4.5707335
4.6819762
9.3183572
8.4706087
7.5996943
5.6663487
4.5395393
5.8246942
8.5294822
8.33994
9.9403851
7.7584622
6.5232046
8.8859109
8.0797549
3.7918878
7.3411847
5.1641298
7.218335
8.7368848
6.2152634
7.0164545
8.345068
9.5929074
4.7872581
6.7066938
8.5790418
8.0889089
5.065928
8.9919982
4.6021216
8.317138
6.4378733
9.8501335
8.9751347
6.2952456
8.5652443
3.5738777
4.1068837
9.3281038
5.6495054
9.2677473
7.1491119
9.2916951
8.0326189
9.2731739
6.675636
8.9199608
6.5852288
5.0923681
6.5414554
6.8302129
3.0755334
1.2372384
5.4426219
7.2794003
9.0346544
7.5567745
6.0257899
8.1248143
8.2595494
4.2956866
9.2256405
3.3579519
9.2783994
9.4136104
3.599267
8.8550641
6.4269809
8.2968975
9.7675083
7.8128231
8.6592169
6.999667
6.2867074
6.7142434
9.916202
7.3890634
8.6311803
9.5664322
8.4858484
3.5855377
2.7354941
2.7883163
8.2516669
5.5424287
9.7914257
5.9305122
9.8869001
8.5158256
7.8748924
8.9486482
7.9726603
9.9330193
8.3653215
9.1509186
4.1483291
4.1551841
9.8325306
8.7585842
8.6586014
1.8935165
9.6207627
4.9703959
5.5999621
9.3554956
9.1061654
8.8888208
7.5743526
9.0313438
5.7434628
7.5591814
8.6428077
6.8850612
8.4808307
9.9157618
6.6671852
9.2871323
7.3473668
7.6373923
9.6228256
5.5876652
6.5825118
8.0891031
9.6025127
5.9235014
9.7932947
7.9596201
6.454989
6.4065656
9.7357073
5.3326714
5.0128659
8.8806163
9.2416061
8.6794505
2.335142
9.720311
5.2051906
5.9131853
6.05079
7.5549323
7.334792
9.3040933
7.9816783
5.6792101
9.1892879
9.5482247
9.7881277
9.1082291
5.8313605
8.5780001
2.4614007
7.35233
5.3298072
8.5325384
8.7961768
7.8585716
9.7473835
8.0879034
6.0185726
9.4150035
8.8673608
6.9236382
9.6679366
9.9464545
9.9073154
8.4834734
8.4695123
7.3409008
8.5443519
7.4880032
6.9622179
9.290551
6.5939721
8.0673812
3.2240206
5.1808351
8.5960852
9.7745266
5.1546846
5.6809863
8.5308959
9.9028204
6.289358
7.6248962
6.6250322
3.88725
2.4573328
8.2751638
9.7581074
6.919353
8.303615
8.5684415
8.3780495
8.4488545
7.7091371
8.0167081
7.8598568
9.5772918
7.7637146
5.7408035
7.4138871
7.9425586
5.7032002
7.8144648
5.0032931
9.7540011
9.3865717
7.6978936
5.8324612
9.5690381
8.0625916
6.4338901
9.9072028
9.8109036
4.6338156
8.8996141
6.0515464
8.075181
5.7607176
4.6987479
6.1393843
8.8557118
7.661805
6.7031906
5.443589
9.1964034
1.988547
3.3268625
8.4218542
6.6747809
8.4798975
8.412743
8.5967617
6.4412352
9.199551
8.251814
9.9089726
9.2380132
9.4970891
4.834577
5.8960603
9.3337324
7.7814743
8.1865481
5.8132642
7.5786798
9.7707408
9.9836195
2.6722768
7.22275
7.6144682
2.8067319
9.8090482
6.9442482
9.5798835
9.6668733
9.5638644
8.6238027
4.6627701
9.4547173
7.2422681
7.9859133
6.9579907
8.7809089
8.2173455
7.7386445
7.9254984
9.0736235
9.1900005
9.6189992
9.3176415
7.5385487
6.9161798
9.1543462
9.1886743
6.1327448
8.8231313
7.8850525
5.7315589
6.1911809
9.7707814
8.1645142
5.5076207
1.5564576
6.9725708
9.1018283
6.9262874
9.7387599
6.5107098
9.8934612
5.3170771
5.772474
9.109861
3.5137344
7.4940911
4.5504574
4.9055584
8.8650492
9.3417526
4.1832125
9.1535398
8.956404
3.0688819
8.6933765
7.6054955
9.4683069
8.9240555
9.9485201
8.4961502
3.4622354
9.9710934
8.8119527
8.7313958
4.5490683
7.7621715
4.908462
7.1295083
9.1952087
6.5090115
9.7927686
9.6465827
4.0802443
6.5060485
8.1338846
6.3219269
9.1391531
8.6188577
9.0598351
6.2920241
7.8081596
9.6760103
7.8192526
9.4768542
8.4851012
3.4010756
9.6057852
8.2151937
5.9211118
6.8343156
8.8526819
9.0115295
5.707179
8.6770752
4.4559636
7.2272676
9.5836171
9.9176698
1.2138368
6.7724406
8.1332824
8.010619
6.9146619
8.2308954
7.9194164
7.1234833
6.1535129
8.8068648
9.8265962
9.668498
3.4198484
6.6692265
5.4656387
8.6593839
8.6320395
7.7678086
6.5637227
7.7468425
5.7491822
2.9740329
6.6169162
8.1388945
8.7724913
7.877429
8.4026909
4.7710857
9.4597649
7.5785472
9.0735086
5.9558193
9.8159615
7.8101218
9.6585454
9.7741263
4.2217599
9.6966756
9.4917354
4.7296452
9.9392732
9.0258231
5.7243985
9.7988812
2.0061232
9.237422
8.859616
6.9358739
9.946835
3.2574941
7.2730239
8.0096993
9.5389363
4.247763
6.7583391
1.7554604
3.1286925
6.9380792
7.1531491
7.2113532
9.1252999
8.2350667
8.9440167
7.4819099
7.3204969
3.6351607
4.8648474
8.7089826
5.1948479
3.0432814
4.6335921
8.2940355
8.8499344
4.3684175
6.354984
0.77575941
8.449975
7.5738821
5.3146185
8.8579579
6.5414907
6.3239491
1.993481
6.9834033
8.6441842
5.9686465
9.6471399
7.4123545
5.8965611
7.4490707
3.8509701
9.8277262
9.4053591
6.240055
4.5856743
8.8429828
6.261429
6.2520062
7.9063368
6.4811957
8.1079469
9.1030784
7.0569166
8.457289
8.3300013
4.0143504
9.9598257
6.5857536
6.2145495
4.5468006
4.8770125
8.5608348
7.6141389
8.2689084
7.3331652
9.9099421
2.1621998
7.1780821
9.7903881
6.5041039
5.7188547
6.8542363
7.4001121
5.8927012
7.8853555
8.9052972
8.1689488
8.8974256
6.0426042
9.4965192
8.6863998
7.7439969
7.7602223
5.3883262
9.089142
7.9592475
8.65858
7.9522885
2.9286635
2.5114386
8.7528137
4.5634015
9.0954988
9.8934161
9.2005005
9.5925322
4.5771065
7.6718451
7.5915945
8.9149304
4.5876414
9.0359279
7.4157952
9.4178014
4.2371439
8.0023976
8.8192299
3.9190201
7.9205344
7.7039173
9.5407383
8.3644249
3.9543665
9.1931807
5.6022718
7.7239038
8.8342434
9.5415339
8.2781865
8.8562261
8.1611259
7.580363
7.5794185
8.3081273
8.2825907
8.143919
8.1440019
5.6690336
8.9882797
9.5815091
9.8907421
8.2325979
6.2494555
9.9668675
9.8968412
9.6566899
8.4834111
7.9909106
7.8199039
2.8557743
8.5481382
8.1946942
9.3506013
4.8819288
6.568831
4.2861749
9.5097961
8.9475411
9.836573
7.9257515
6.5724974
8.5640396
3.2439341
9.0821345
5.2076664
9.0537575
5.9128333
6.5422291
6.8418105
6.1833539
9.0838674
0.7017435
9.1892755
9.2103095
9.7270721
4.8637854
5.7887996
9.0740454
8.5424293
6.8707124
8.6538968
8.6709887
6.0321364
9.5914003
7.9424135
5.755056
9.6335882
6.2133714
8.2417311
9.789618
8.4725181
5.3350322
4.1273473
8.6449572
3.3274584
7.8659871
9.0274637
9.4943842
5.4403323
4.7231325
5.8497267
8.3548892
3.419937
9.8270667
9.0604437
2.5932765
6.5659568
5.9177239
9.9029913
6.5203346
8.1323163
7.4921824
8.8414174
9.9120883
5.4957813
9.9684778
6.3132572
5.7620945
9.9589663
7.2763718
8.2705983
7.924051
7.9327916
9.6976921
9.8186391
7.9261386
8.738234
9.3395743
8.1593257
8.458434
5.5271072
8.0839893
8.1699318
9.8523638
8.7041945
8.666537
8.935374
9.9033164
3.0751886
9.5752328
8.6389401
9.8091144
8.1795808
9.6417882
6.2603343
8.261449
5.1702007
9.7292637
9.2220395
6.4028237
8.2386039
5.9153894
2.3257132
9.8257992
6.8097097
8.9295013
3.9695333
7.9741824
8.6923813
9.5301223
7.3312605
4.4081094
4.6714363
9.0795035
8.8017716
8.3842635
9.0454021
9.8760408
5.9415261
7.7175131
8.2860912
9.3782224
3.4849589
9.2400177
7.6828597
7.3336504
7.8047182
5.9993155
9.6011759
8.7071197
5.2389484
8.2215878
9.4220285
5.9880044
8.1330652
8.9706004
8.9755719
3.2036886
6.9647998
9.635631
7.6394535
8.9936726
1.3062494
8.5139039
4.6774281
4.1049718
9.0633978
9.025095
7.5073923
5.6867437
6.1060236
7.7116538
6.5410708
9.7894472
9.5238104
6.3981154
8.4772356
9.9632087
9.9600576
4.6322536
7.2258662
8.7842726
9.2645581
7.1341247
7.3518333
4.5868578
6.5282695
3.8280591
8.7152096
7.2648671
7.0877428
7.0102021
8.7754856
5.4652232
8.877404
9.4064448
7.4754758
9.0510545
6.6578163
6.0525135
3.2087842
9.8187406
7.7011764
3.9181591
7.0212877
2.9458832
9.2268607
6.1131675
4.3856688
5.1551631
8.5214927
9.2522673
8.9576998
8.4689339
3.5746039
8.7284823
5.4862858
6.9729907
9.5999617
9.3614533
6.4019502
8.7092488
9.4352102
9.9310064
9.2506676
5.7738376
8.6755605
6.7431335
9.3702606
9.2906788
6.5230331
6.0092807
7.5932753
8.1066976
9.9816161
8.8496916
2.4246428
9.6904522
5.3622839
5.9787664
6.8073974
7.2801293
8.3622154
7.6040835
8.6707076
3.9622552
5.234719
4.8368633
8.3766935
6.06192
5.4776853
8.1277017
5.9693804
9.633739
4.7034392
6.4499639
8.6039111
4.7294085
9.7139118
3.065707
8.3906596
9.6902524
5.0861046
8.5954877
9.0054042
8.2491527
7.3206787
8.7821431
3.5985991
8.7071724
7.3425161
9.7172042
9.8958263
7.9724652
2.432609
4.6906249
8.4084067
5.8044322
6.9557522
9.0733482
6.4505824
9.8386192
3.4014978
7.9860057
8.642079
9.8962898
8.8104105
6.1206316
4.3652638
5.3356784
6.2943152
7.6767064
8.4228546
4.5515044
7.0002495
6.7533911
9.09975
8.0463137
7.6746607
6.780793
8.3812583
6.1918684
9.1225976
8.2684585
9.9373359
9.2874602
7.0274127
7.9610067
9.8824562
4.3590468
5.8065698
8.2218521
6.453088
9.5652931
6.9105191
7.1259972
5.9687159
7.3307765
6.7734927
3.936541
7.780459
6.9619749
9.1874577
7.4254055
9.1875439
8.4431444
9.7273801
7.1695766
4.5155666
9.7596052
5.061796
9.1307259
8.4015975
9.7695673
9.3144148
9.7682198
8.7709255
8.0655668
7.8580188
6.1331528
9.796079
4.2832019
3.0025209
6.9524274
7.8162768
7.7773778
9.7680217
7.959462
7.2393871
7.5560149
8.8046651
5.6382567
9.1872976
7.7415688
5.713795
9.0365278
9.736992
8.6820527
8.1761234
9.9650664
6.7487781
9.2055318
6.3411366
8.8078346
7.190393
7.8185446
6.7051148
7.9496739
5.8620537
5.2110522
8.1142238
8.4625551
9.7539287
6.7514945
5.9509562
6.809718
9.2033255
8.0657175
7.115659
5.7556754
4.2108664
9.1938129
8.1316989
9.025343
8.8266792
7.6157351
8.8071829
0.57622634
4.3227278
5.8400673
9.0505476
8.8008343
5.8950778
9.8488418
9.9546985
6.7835358
8.4893507
6.6607431
7.4128171
9.5424977
6.0524355
9.6211149
1.8347475
9.4663946
8.9558635
5.5474859
9.3701217
8.6417848
7.0245786
9.5021867
9.2217127
4.6539281
9.6916008
3.2696125
7.719294
7.6935074
9.6060467
8.6317882
5.9148268
8.7502334
7.0538289
8.6495473
8.4396916
6.6225353
3.0154554
9.861731
5.1372906
9.5843093
8.4883017
8.1398561
8.3239808
7.9322038
7.4303297
9.0389435
7.90219
7.2366102
8.0557777
9.1694182
8.6884648
8.0004265
8.9937709
5.6465983
8.2862195
5.3113213
9.4067413
5.1088574
6.865104
7.9173035
7.9048552
6.8026935
6.1850834
9.1345725
8.8543655
8.2738988
8.6195578
4.8525931
8.7938088
7.3734389
3.8406889
7.1947035
9.3793929
9.0472566
6.70851
9.6933745
8.5740724
5.9707978
7.7194763
5.3381258
7.3652715
9.3044636
9.5991955
9.1974342
9.7595906
9.3891376
8.8627616
7.5060305
9.0593456
5.7721361
9.9368704
8.7235488
5.424654
6.4397933
2.7915038
9.7727623
6.9583279
8.5288911
7.3234524
8.6202453
6.5209194
4.9663356
9.7388127
9.1483887
9.8081018
4.8568198
8.6774236
4.2009089
7.3779348
9.5159506
8.5019668
8.1833563
8.829886
9.6516685
9.1857194
8.2265765
7.7287635
9.8815957
5.7178526
9.8997208
9.6113719
4.5064168
9.9774738
9.5010597
6.6615724
6.6420694
6.1914716
8.5259921
7.2012314
8.0686877
6.7658017
6.8952004
8.3901064
2.7031361
8.3160117
6.2332305
5.7454913
8.8622155
2.9990502
7.7306092
9.5749133
7.8188647
6.682901
9.1096798
6.0734442
7.1885427
7.2601404
5.5292155
9.2428066
3.099188
7.5675142
4.9252233
8.22348
4.4955878
8.7651701
9.588305
6.9381785
6.1099212
6.1336728
6.016122
9.6180975
3.502712
8.8505409
8.7783689
7.6549091
8.3323647
6.7310965
4.3969777
1.9381984
9.8615326
9.5896729
3.8949677
8.5946624
7.444923
8.1562455
9.117261
8.2410157
7.957303
9.2528519
7.1175363
1.9428818
9.3880717
6.8208005
7.1239738
6.1909789
6.7899816
5.0809092
5.9321259
9.9391375
9.9472965
9.9667619
7.4672575
6.8495643
6.9119091
9.2406181
7.1723657
7.4944424
8.7778542
4.8278502
9.3676994
6.5327982
4.6161408
7.6300481
8.6865993
2.9815154
8.377664
7.1178118
9.9606002
6.6199259
8.8290567
3.8593134
8.3796776
7.6550132
6.0891063
9.26518
2.8307748
9.8927272
4.8988457
5.9294134
7.4492733
4.7378159
8.5995865
8.7748013
8.0283992
7.612978
9.0808202
9.6817258
7.390485
6.010232
6.8231341
6.185384
9.8381297
1.1619576
7.2117942
9.8279825
5.302381
5.4045295
8.8950127
9.8550063
8.3932169
9.0025022
9.2446064
9.1454203
9.2056327
9.4265954
7.5672494
7.8546775
4.9306877
7.392282
9.6878351
4.8589811
8.2225697
7.3419944
4.9220626
7.3135048
9.1779798
9.2010389
5.6433759
7.969842
9.9888798
6.9038573
8.3855717
7.3454876
3.4747651
6.9279306
6.3982819
9.088083
9.0065015
9.2213435
9.9811132
6.246125
9.7222911
8.9993863
5.7367376
6.6746171
9.3576177
5.5704697
3.206975
5.8314437
9.0342875
6.0584658
9.0762773
6.4984492
9.3587853
8.7026212
5.1878695
6.4032466
4.2428507
9.8359338
8.2217691
7.6764554
9.5650226
5.1051205
8.4555656
5.5918845
4.1103792
2.7544149
9.7061231
7.6149059
7.6984081
6.5382133
2.0952627
9.4743772
5.7177832
9.9439183
4.9925986
8.4418636
9.2828843
8.5233238
9.9227418
3.3835543
8.8832134
4.1884367
8.0921807
4.9397459
9.1697825
9.8144216
9.8152004
7.6291663
9.2344596
7.1099032
9.6988609
7.1757847
7.7885276
7.1850414
2.6857174
9.6245774
9.1546925
9.952839
8.651208
7.6997139
9.4356501
9.9827573
9.0777415
5.4143214
7.3498858
8.797797
9.1763193
9.8369217
4.2951104
8.2106969
6.7829888
9.7436896
8.3497787
3.1392688
9.6765145
2.6277826
8.7297196
6.1052705
9.8871812
9.4919498
7.2108683
8.6594308
6.8542611
5.767874
9.5227218
7.6184178
5.2516786
9.5546284
4.2751926
4.6680808
9.4967588
8.607312
5.1057785
9.1623068
9.1960905
7.1508722
7.984481
8.7957288
9.0421663
9.7689848
9.4578585
9.1246345
8.838833
9.3277341
4.8568164
9.7430071
9.8473908
9.1017886
3.1651179
9.4146474
9.4574255
5.9596016
2.8434043
8.058735
8.7143357
8.1897475
7.7421457
6.5251346
8.6807184
6.7342046
6.0368191
9.6734598
5.2450021
4.0470648
5.2262614
8.4807029
9.0677558
8.0756014
8.5415577
8.6713146
7.0909411
6.7730513
5.5574362
9.9517667
5.871564
7.5756605
7.7860715
2.9952462
8.1309957
9.0481041
9.550425
9.3152515
8.8131503
9.5204144
9.2179913
9.8614653
5.9463693
7.5507682
9.4233933
9.9090536
9.5322436
6.31368
4.5773705
9.0883132
8.7703866
5.3385997
4.680787
4.2542885
7.5399449
9.7413652
6.4896092
7.3523597
7.633107
9.1201289
8.0366292
4.0158722
3.8092609
7.1137615
9.2150713
7.4797708
5.067853
5.9976759
8.0367456
9.4197387
5.8584237
9.9802837
8.0053196
8.7572212
8.2172738
7.4857032
9.3152473
8.6877683
3.8869348
8.7376794
8.0974873
7.3484102
9.8983386
9.7519066
9.4503565
9.8995944
6.3768206
5.1678714
6.4491885
7.6478071
8.4735482
7.5043433
9.971588
5.285461
9.5656991
8.2685248
9.6777641
8.3247359
8.1443803
9.2667722
9.5521926
6.7008346
9.917287
8.037091
8.3697623
6.2829914
6.2536412
2.6023581
6.887509
8.0174235
7.8818704
7.887968
3.2348791
9.8681336
9.7483393
9.6058559
9.8658573
9.975528
3.0781972
8.0785752
3.8906279
8.4972733
6.6007972
3.1011852
8.9574424
7.7634361
7.3508856
3.19095
9.9135156
3.9809245
8.7606293
9.0356183
7.7413855
4.0414817
7.099674
8.4907714
9.3719359
8.8362952
7.1257282
7.9182654
8.7434277
4.0690891
6.5997446
8.18635
9.8622806
3.3933479
8.7551351
9.6759411
6.7631513
6.863086
5.2498196
9.8096996
7.3245002
8.9092873
7.4308297
9.137087
4.9241618
8.5730751
8.4870017
7.7652967
9.5692242
8.740925
9.7032758
6.3824002
9.1743329
5.2763141
7.7487276
7.2899026
7.0564921
9.5920902
7.1392513
5.3114747
9.3078709
9.2990128
6.3229919
7.3675977
8.8553162
7.7072157
9.667469
5.5769056
9.463029
5.5480661
7.3761654
6.396609
9.4883639
9.7327428
7.0883096
2.3763585
4.5317631
7.9603623
9.495113
5.542512
6.7828791
7.1712818
9.5038918
5.9112175
7.3573892
4.3201931
7.556533
8.9194448
7.480568
4.4532071
3.0347114
6.7399641
7.8231719
9.5892374
7.2707736
6.7647952
7.6072058
9.3404361
6.1473927
8.1312559
2.4755788
9.8948629
4.5470433
8.8027052
8.3790809
2.959698
8.345577
6.4970519
5.0653847
9.836561
7.6693374
7.9761531
7.7134037
9.9154117
8.7743561
7.9439025
9.7146032
4.5465642
3.2033814
9.2395788
6.7482975
6.6151136
5.3993167
9.9173319
9.5689353
9.9798244
5.9426315
6.5075813
2.7441983
3.7395034
9.3954256
7.4264584
8.6172819
9.7967316
7.1380617
8.2221208
4.4195481
9.3074903
5.5280683
6.1299233
8.8804048
9.0531763
4.677969
4.8842378
9.4403422
9.9972844
8.7303026
6.9177357
6.3668908
3.252355
8.8222477
6.9009137
9.1597879
9.1868441
5.9933024
9.4531457
8.4536766
3.5019403
9.8937262
4.7752915
4.4814633
7.4358965
8.8398845
7.6692258
9.5210235
8.8032683
8.1076432
9.4578187
8.6120145
5.4200383
9.9923121
6.7687002
9.9314716
8.421187
8.5518908
6.9638341
7.9463744
8.7032642
8.3895622
5.9166827
3.4431542
9.0415246
9.4974911
8.6068912
6.6456785
4.9111617
8.8437324
7.1808363
9.3399786
8.3377633
4.7517772
6.0950453
8.057766
7.6870433
7.4199781
6.4977369
7.2862343
6.9759698
7.4665421
9.7623372
7.6584881
6.5875288
4.6010101
8.9742484
8.2872058
3.8709289
4.013688
8.6537681
9.3378185
8.9733453
8.8796
9.166214
9.5250122
8.170881
9.8005867
9.444792
7.8109468
6.18483
5.3616636
6.9404455
8.1793021
9.0517616
8.0792363
5.7261444
7.9236577
9.9458853
7.0056354
8.4507236
5.0551956
9.7877107
9.4570062
9.8558498
7.6699257
5.4720301
6.4624172
5.5291089
9.801328
6.9937526
7.4902514
8.3250646
8.0023456
5.5751664
7.5776193
9.5148525
8.5744532
6.3046871
8.8826526
7.9268952
5.9001943
7.8602339
8.6564712
7.5591496
5.9838922
7.3951472
9.3047863
8.048619
4.7699519
9.9407673
8.549279
7.577858
6.9453419
4.0176448
8.7195215
7.3649597
9.2723157
4.1633567
7.5164619
6.9428434
8.218427
3.1374154
5.9980726
8.6715383
5.6189269
7.5257477
9.91897
8.667855
4.4127363
7.2268447
8.2224984
2.7619999
4.4437281
7.8519137
7.2406142
7.8373195
8.0102044
9.728859
9.7640608
7.8661894
8.0989624
8.2875559
9.5187379
9.8243605
5.1380051
4.4208608
8.2764806
8.8410709
9.302306
5.8445774
9.5532991
8.8188415
7.3495474
9.99898
7.6191359
9.8525372
9.6597579
7.9277128
5.6242287
4.6507494
9.6748123
3.735999
5.2848996
8.8520055
6.8553131
5.9338625
8.5618406
5.5370838
5.5501542
4.8575093
6.0058167
8.1910665
5.6475234
2.4387305
6.8976187
3.7866482
8.8017437
7.3860247
7.1711673
8.3681685
4.2256978
9.9062203
8.4624005
9.5179788
8.5534728
7.0563229
8.5510331
9.621665
7.950295
3.6909147
7.9022952
6.5818129
5.5616498
6.3645987
5.7214459
4.0422067
5.7523885
5.8906346
7.2192328
8.0757254
5.3954831
8.2426625
7.8948255
5.3924964
9.1251739
3.9047746
7.3936822
8.3945461
6.1980857
6.6935759
3.3091109
8.9503354
9.039177
8.8831972
7.0222366
5.3031566
7.1789874
5.8390157
6.5594017
7.7470151
9.431941
1.8207249
2.4411397
8.9234533
5.6074149
6.3426008
8.2281177
4.8073771
6.8470134
6.3674696
4.1135092
8.5574712
5.2895627
5.6508478
8.3422779
8.9042652
5.2031341
9.8282617
9.0567896
4.3222059
7.779115
6.4937511
8.7013456
9.9492705
3.8989234
9.8833674
3.4131156
8.1479007
7.2193769
8.8362236
9.6532042
8.7785219
9.4402907
6.9255568
6.0885107
8.8625264
8.9093003
9.4958018
8.1104691
4.1315364
5.9592375
8.6390811
9.9866422
5.7108893
7.7503481
9.6029794
9.3882302
7.8518382
9.985776
7.0601537
2.8241033
8.3003988
8.0342589
8.9575531
1.6465047
8.1133994
8.0739533
7.1196115
8.9608243
9.2958194
